0 0.04807692307692308 0.3557692307692308 0.09134615384615384 0.028846153846153848
0 0.23076923076923078 0.36778846153846156 0.1466346153846154 0.038461538461538464
0 0.055288461538461536 0.3918269230769231 0.10817307692307693 0.04807692307692308
0 0.41466346153846156 0.39783653846153844 0.08653846153846154 0.05048076923076923
0 0.04326923076923077 0.45552884615384615 0.08653846153846154 0.036057692307692304
0 0.6887019230769231 0.47475961538461536 0.23557692307692307 0.10336538461538461
0 0.17067307692307693 0.5588942307692307 0.33653846153846156 0.1971153846153846
0 0.7259615384615384 0.6105769230769231 0.23076923076923078 0.15865384615384615
0 0.34375 0.8617788461538461 0.6875 0.2764423076923077
0 0.04326923076923077 0.32091346153846156 0.07692307692307693 0.009615384615384616
0 0.19230769230769232 0.32211538461538464 0.0889423076923077 0.02403846153846154