0 0.32211538461538464 0.11778846153846154 0.12980769230769232 0.04567307692307692
0 0.5901442307692307 0.12379807692307693 0.11538461538461539 0.05048076923076923
0 0.9182692307692307 0.14302884615384615 0.11538461538461539 0.038461538461538464
0 0.014423076923076924 0.17307692307692307 0.028846153846153848 0.125
0 0.3545673076923077 0.17427884615384615 0.14182692307692307 0.04807692307692308
0 0.5540865384615384 0.17908653846153846 0.09134615384615384 0.05048076923076923
0 0.6959134615384616 0.18509615384615385 0.18509615384615385 0.06009615384615385
0 0.9459134615384616 0.1875 0.0985576923076923 0.038461538461538464
0 0.8545673076923077 0.21754807692307693 0.06490384615384616 0.04567307692307692
0 0.7524038461538461 0.2247596153846154 0.07211538461538461 0.03125
0 0.9627403846153846 0.24278846153846154 0.07451923076923077 0.038461538461538464
0 0.9627403846153846 0.25 0.07451923076923077 0.05048076923076923
0 0.1466346153846154 0.2548076923076923 0.18509615384615385 0.04326923076923077
0 0.7560096153846154 0.027644230769230768 0.10096153846153846 0.038461538461538464
0 0.45072115384615385 0.2764423076923077 0.3894230769230769 0.12740384615384615
0 0.7692307692307693 0.3004807692307692 0.11778846153846154 0.05048076923076923
0 0.20432692307692307 0.32091346153846156 0.08173076923076923 0.04567307692307692
0 0.9290865384615384 0.036057692307692304 0.10576923076923077 0.02403846153846154
0 0.6201923076923077 0.37259615384615385 0.23076923076923078 0.10096153846153846
0 0.12980769230769232 0.4098557692307692 0.25721153846153844 0.1778846153846154
0 0.35697115384615385 0.5324519230769231 0.10096153846153846 0.08173076923076923
0 0.36778846153846156 0.054086538461538464 0.10096153846153846 0.038461538461538464
0 0.5132211538461539 0.6177884615384616 0.28125 0.1875
0 0.09975961538461539 0.6298076923076923 0.19951923076923078 0.19230769230769232
0 0.734375 0.07211538461538461 0.09375 0.040865384615384616
0 0.9158653846153846 0.08413461538461539 0.16105769230769232 0.03365384615384615
0 0.47475961538461536 0.8822115384615384 0.47836538461538464 0.23557692307692307