0 0.59375 0.4014423076923077 0.03365384615384615 0.028846153846153848
0 0.5 0.4026442307692308 0.03125 0.021634615384615384
0 0.6274038461538461 0.4050480769230769 0.038461538461538464 0.02403846153846154
0 0.5012019230769231 0.40625 0.026442307692307692 0.019230769230769232
0 0.4411057692307692 0.421875 0.04326923076923077 0.036057692307692304
0 0.49158653846153844 0.43509615384615385 0.036057692307692304 0.03125
0 0.5588942307692307 0.4375 0.03125 0.028846153846153848
0 0.6550480769230769 0.44350961538461536 0.04807692307692308 0.026442307692307692
0 0.2704326923076923 0.44350961538461536 0.0673076923076923 0.0625
0 0.3233173076923077 0.4579326923076923 0.03365384615384615 0.028846153846153848
0 0.3581730769230769 0.46634615384615385 0.019230769230769232 0.036057692307692304
0 0.4951923076923077 0.47115384615384615 0.04567307692307692 0.038461538461538464
0 0.5588942307692307 0.47596153846153844 0.026442307692307692 0.040865384615384616
0 0.8221153846153846 0.49399038461538464 0.04326923076923077 0.040865384615384616
0 0.6045673076923077 0.5024038461538461 0.028846153846153848 0.038461538461538464
0 0.19951923076923078 0.5060096153846154 0.07451923076923077 0.036057692307692304
0 0.7019230769230769 0.5168269230769231 0.05048076923076923 0.06009615384615385
0 0.3245192307692308 0.5204326923076923 0.036057692307692304 0.038461538461538464
0 0.23918269230769232 0.5252403846153846 0.03365384615384615 0.028846153846153848
0 0.4855769230769231 0.5360576923076923 0.04567307692307692 0.04807692307692308
0 0.5649038461538461 0.5516826923076923 0.038461538461538464 0.04567307692307692
0 0.40384615384615385 0.5576923076923077 0.040865384615384616 0.04326923076923077
0 0.9050480769230769 0.5588942307692307 0.057692307692307696 0.04567307692307692
0 0.6899038461538461 0.5661057692307693 0.036057692307692304 0.05048076923076923
0 0.6454326923076923 0.5733173076923077 0.04326923076923077 0.04326923076923077
0 0.5108173076923077 0.5985576923076923 0.057692307692307696 0.07451923076923077
0 0.10817307692307693 0.6045673076923077 0.10336538461538461 0.08173076923076923
0 0.22355769230769232 0.6141826923076923 0.07451923076923077 0.055288461538461536
0 0.2776442307692308 0.6201923076923077 0.052884615384615384 0.04807692307692308
0 0.6057692307692307 0.6322115384615384 0.057692307692307696 0.057692307692307696
0 0.34975961538461536 0.6514423076923077 0.08653846153846154 0.055288461538461536
0 0.734375 0.6526442307692307 0.0673076923076923 0.06971153846153846
0 0.8257211538461539 0.6622596153846154 0.08173076923076923 0.08173076923076923
0 0.6706730769230769 0.7043269230769231 0.08173076923076923 0.0889423076923077
0 0.07572115384615384 0.71875 0.0985576923076923 0.08653846153846154
0 0.7776442307692307 0.7439903846153846 0.06971153846153846 0.09134615384615384
0 0.3581730769230769 0.7704326923076923 0.0673076923076923 0.07932692307692307
0 0.5060096153846154 0.8076923076923077 0.09375 0.15625
0 0.2608173076923077 0.8425480769230769 0.10096153846153846 0.1466346153846154
0 0.9483173076923077 0.8966346153846154 0.10336538461538461 0.1778846153846154
0 0.6754807692307693 0.9074519230769231 0.11057692307692307 0.18269230769230768
0 0.31971153846153844 0.9158653846153846 0.052884615384615384 0.08173076923076923
0 0.7848557692307693 0.9603365384615384 0.07692307692307693 0.07932692307692307