0 0.39663461538461536 0.34975961538461536 0.10336538461538461 0.026442307692307692
0 0.3545673076923077 0.3737980769230769 0.06490384615384616 0.021634615384615384
0 0.5108173076923077 0.3870192307692308 0.057692307692307696 0.021634615384615384
0 0.2668269230769231 0.3954326923076923 0.10817307692307693 0.028846153846153848
0 0.5264423076923077 0.4338942307692308 0.0889423076923077 0.026442307692307692
0 0.31009615384615385 0.43509615384615385 0.06971153846153846 0.02403846153846154
0 0.2439903846153846 0.46875 0.0673076923076923 0.02403846153846154
0 0.6165865384615384 0.4795673076923077 0.16346153846153846 0.040865384615384616
0 0.4170673076923077 0.5072115384615384 0.08653846153846154 0.03365384615384615
0 0.7235576923076923 0.5168269230769231 0.0985576923076923 0.038461538461538464
0 0.17908653846153846 0.5384615384615384 0.11298076923076923 0.05048076923076923
0 0.5432692307692307 0.5685096153846154 0.09134615384615384 0.05048076923076923
0 0.12980769230769232 0.5817307692307693 0.10096153846153846 0.04326923076923077
0 0.43028846153846156 0.6081730769230769 0.09615384615384616 0.05048076923076923
0 0.5745192307692307 0.6382211538461539 0.11538461538461539 0.06490384615384616
0 0.0829326923076923 0.6646634615384616 0.16346153846153846 0.10817307692307693
0 0.4206730769230769 0.7163461538461539 0.22355769230769232 0.10817307692307693
0 0.6550480769230769 0.8461538461538461 0.12980769230769232 0.1201923076923077