0 0.4182692307692308 0.32211538461538464 0.07451923076923077 0.057692307692307696
0 0.9759615384615384 0.41346153846153844 0.04807692307692308 0.028846153846153848
0 0.6466346153846154 0.4182692307692308 0.04567307692307692 0.04807692307692308
0 0.15144230769230768 0.46634615384615385 0.12259615384615384 0.0625
0 0.8233173076923077 0.5216346153846154 0.08413461538461539 0.07211538461538461
0 0.036057692307692304 0.5612980769230769 0.07211538461538461 0.0985576923076923
0 0.41466346153846156 0.5841346153846154 0.1971153846153846 0.14182692307692307
0 0.16346153846153846 0.6334134615384616 0.12259615384615384 0.09615384615384616
0 0.9795673076923077 0.75 0.038461538461538464 0.08173076923076923
0 0.16706730769230768 0.7680288461538461 0.3076923076923077 0.16346153846153846
0 0.6887019230769231 0.8064903846153846 0.13701923076923078 0.07211538461538461
0 0.7644230769230769 0.08413461538461539 0.026442307692307692 0.03125
0 0.38100961538461536 0.8858173076923077 0.22115384615384615 0.1875
0 0.8052884615384616 0.9447115384615384 0.11778846153846154 0.08413461538461539
0 0.02283653846153846 0.12620192307692307 0.038461538461538464 0.03365384615384615
0 0.42427884615384615 0.15985576923076922 0.1201923076923077 0.06971153846153846
0 0.1346153846153846 0.1935096153846154 0.055288461538461536 0.04567307692307692
0 0.7079326923076923 0.1971153846153846 0.11298076923076923 0.08413461538461539
0 0.3233173076923077 0.22235576923076922 0.04807692307692308 0.026442307692307692
0 0.5108173076923077 0.23677884615384615 0.04326923076923077 0.028846153846153848
0 0.3942307692307692 0.24639423076923078 0.04567307692307692 0.03125
0 0.84375 0.2536057692307692 0.040865384615384616 0.04567307692307692
0 0.16466346153846154 0.2548076923076923 0.07451923076923077 0.038461538461538464