0 0.6382211538461539 0.4074519230769231 0.0625 0.0625
0 0.5865384615384616 0.43509615384615385 0.07211538461538461 0.04326923076923077
0 0.6923076923076923 0.4387019230769231 0.07451923076923077 0.038461538461538464
0 0.28846153846153844 0.4423076923076923 0.13221153846153846 0.14903846153846154
0 0.9362980769230769 0.49278846153846156 0.12740384615384615 0.0673076923076923
0 0.7415865384615384 0.49399038461538464 0.22596153846153846 0.09375
0 0.13581730769230768 0.5024038461538461 0.1201923076923077 0.055288461538461536
0 0.40625 0.5432692307692307 0.33413461538461536 0.09615384615384616
0 0.8269230769230769 0.5853365384615384 0.15384615384615385 0.10336538461538461
0 0.2091346153846154 0.65625 0.27163461538461536 0.19230769230769232
0 0.8004807692307693 0.7163461538461539 0.3894230769230769 0.24519230769230768
0 0.43028846153846156 0.7920673076923077 0.49038461538461536 0.14182692307692307
0 0.8533653846153846 0.9495192307692307 0.11778846153846154 0.10096153846153846