0 0.5384615384615384 0.30528846153846156 0.09615384615384616 0.03365384615384615
0 0.38100961538461536 0.3245192307692308 0.18028846153846154 0.06009615384615385
0 0.625 0.34975961538461536 0.2644230769230769 0.0673076923076923
0 0.3425480769230769 0.41586538461538464 0.06971153846153846 0.055288461538461536
0 0.7055288461538461 0.44711538461538464 0.11057692307692307 0.07932692307692307
0 0.8004807692307693 0.484375 0.06971153846153846 0.04807692307692308
0 0.7235576923076923 0.5252403846153846 0.04807692307692308 0.04326923076923077
0 0.5288461538461539 0.5360576923076923 0.14182692307692307 0.07932692307692307
0 0.8377403846153846 0.6117788461538461 0.055288461538461536 0.0625
0 0.12980769230769232 0.6225961538461539 0.22596153846153846 0.37740384615384615
0 0.7560096153846154 0.6838942307692307 0.08173076923076923 0.09375
0 0.5637019230769231 0.8461538461538461 0.375 0.3004807692307692
0 0.0625 0.8822115384615384 0.125 0.23557692307692307