0 0.07692307692307693 0.46033653846153844 0.14423076923076922 0.07692307692307693
0 0.5637019230769231 0.05048076923076923 0.22115384615384615 0.10096153846153846
0 0.10697115384615384 0.5444711538461539 0.11298076923076923 0.07932692307692307
0 0.39302884615384615 0.6286057692307693 0.14423076923076922 0.06490384615384616
0 0.9134615384615384 0.6466346153846154 0.17307692307692307 0.27884615384615385
0 0.1658653846153846 0.6466346153846154 0.19951923076923078 0.11778846153846154
0 0.49399038461538464 0.7235576923076923 0.09375 0.06971153846153846
0 0.3389423076923077 0.13701923076923078 0.18028846153846154 0.06971153846153846
0 0.6574519230769231 0.203125 0.23076923076923078 0.16826923076923078
0 0.5012019230769231 0.25961538461538464 0.07451923076923077 0.05048076923076923
0 0.3125 0.37259615384615385 0.22355769230769232 0.12259615384615384