0 0.7355769230769231 0.23677884615384615 0.0625 0.040865384615384616
0 0.24278846153846154 0.24519230769230768 0.14182692307692307 0.08653846153846154
0 0.8161057692307693 0.27163461538461536 0.10096153846153846 0.040865384615384616
0 0.6466346153846154 0.2956730769230769 0.0625 0.04326923076923077
0 0.9735576923076923 0.2980769230769231 0.052884615384615384 0.04807692307692308
0 0.7283653846153846 0.35096153846153844 0.09375 0.052884615384615384
0 0.31009615384615385 0.3605769230769231 0.1778846153846154 0.12740384615384615
0 0.8173076923076923 0.40625 0.08653846153846154 0.06971153846153846
0 0.9627403846153846 0.43149038461538464 0.0625 0.04567307692307692
0 0.5841346153846154 0.4338942307692308 0.08173076923076923 0.052884615384615384
0 0.4050480769230769 0.4495192307692308 0.15384615384615385 0.08173076923076923
0 0.17908653846153846 0.4963942307692308 0.21875 0.08173076923076923
0 0.5036057692307693 0.5264423076923077 0.10576923076923077 0.06009615384615385
0 0.7055288461538461 0.5420673076923077 0.17067307692307693 0.14423076923076922
0 0.8677884615384616 0.5757211538461539 0.08413461538461539 0.08413461538461539
0 0.3076923076923077 0.5913461538461539 0.23798076923076922 0.12740384615384615
0 0.7680288461538461 0.8858173076923077 0.4543269230769231 0.2283653846153846