0 0.8329326923076923 0.2283653846153846 0.03125 0.026442307692307692
0 0.9026442307692307 0.23317307692307693 0.07932692307692307 0.021634615384615384
0 0.1778846153846154 0.234375 0.0673076923076923 0.03125
0 0.4387019230769231 0.24278846153846154 0.08173076923076923 0.052884615384615384
0 0.6634615384615384 0.24759615384615385 0.2283653846153846 0.10817307692307693
0 0.8052884615384616 0.25961538461538464 0.04326923076923077 0.021634615384615384
0 0.8882211538461539 0.2668269230769231 0.06009615384615385 0.052884615384615384
0 0.48677884615384615 0.2764423076923077 0.052884615384615384 0.028846153846153848
0 0.25961538461538464 0.28846153846153844 0.0625 0.04807692307692308
0 0.039663461538461536 0.29447115384615385 0.07932692307692307 0.052884615384615384
0 0.8257211538461539 0.30528846153846156 0.026442307692307692 0.036057692307692304
0 0.49759615384615385 0.328125 0.07451923076923077 0.040865384615384616
0 0.36538461538461536 0.328125 0.055288461538461536 0.06490384615384616
0 0.7560096153846154 0.33533653846153844 0.12980769230769232 0.10336538461538461
0 0.25841346153846156 0.3473557692307692 0.057692307692307696 0.04326923076923077
0 0.04326923076923077 0.36658653846153844 0.08413461538461539 0.052884615384615384
0 0.15865384615384615 0.38100961538461536 0.07932692307692307 0.07451923076923077
0 0.4639423076923077 0.3942307692307692 0.07451923076923077 0.0625
0 0.5733173076923077 0.40024038461538464 0.07211538461538461 0.055288461538461536
0 0.9338942307692307 0.4182692307692308 0.13221153846153846 0.28846153846153844
0 0.08413461538461539 0.5372596153846154 0.1658653846153846 0.17307692307692307
0 0.4483173076923077 0.6418269230769231 0.33653846153846156 0.2620192307692308
0 0.8137019230769231 0.7067307692307693 0.37259615384615385 0.44471153846153844
0 0.0673076923076923 0.8713942307692307 0.1346153846153846 0.25721153846153844
0 0.6706730769230769 0.9302884615384616 0.1971153846153846 0.13942307692307693
0 0.6670673076923077 0.1045673076923077 0.17067307692307693 0.0673076923076923
0 0.6442307692307693 0.16466346153846154 0.09134615384615384 0.03365384615384615
0 0.7235576923076923 0.17668269230769232 0.07211538461538461 0.038461538461538464
0 0.5276442307692307 0.18028846153846154 0.1346153846153846 0.057692307692307696
0 0.8521634615384616 0.1814903846153846 0.1201923076923077 0.0673076923076923