0 0.41346153846153844 0.25841346153846156 0.06009615384615385 0.0673076923076923
0 0.6923076923076923 0.026442307692307692 0.057692307692307696 0.04567307692307692
0 0.578125 0.27403846153846156 0.057692307692307696 0.057692307692307696
0 0.3401442307692308 0.29086538461538464 0.028846153846153848 0.04326923076923077
0 0.4026442307692308 0.03125 0.055288461538461536 0.0625
0 0.8028846153846154 0.34615384615384615 0.3942307692307692 0.23557692307692307
0 0.9591346153846154 0.036057692307692304 0.08173076923076923 0.0625
0 0.22355769230769232 0.3786057692307692 0.08413461538461539 0.0673076923076923
0 0.17548076923076922 0.4651442307692308 0.21634615384615385 0.10817307692307693
0 0.021634615384615384 0.4891826923076923 0.04326923076923077 0.07692307692307693
0 0.3317307692307692 0.052884615384615384 0.036057692307692304 0.04326923076923077
0 0.31850961538461536 0.5348557692307693 0.15625 0.12740384615384615
0 0.8028846153846154 0.5949519230769231 0.3942307692307692 0.2283653846153846
0 0.14783653846153846 0.6141826923076923 0.05048076923076923 0.04326923076923077
0 0.1971153846153846 0.0625 0.07211538461538461 0.05048076923076923
0 0.29927884615384615 0.6201923076923077 0.036057692307692304 0.038461538461538464
0 0.46634615384615385 0.6790865384615384 0.23557692307692307 0.17307692307692307
0 0.17908653846153846 0.6971153846153846 0.08653846153846154 0.10096153846153846
0 0.016826923076923076 0.008413461538461538 0.03365384615384615 0.014423076923076924
0 0.4338942307692308 0.07211538461538461 0.040865384615384616 0.04567307692307692
0 0.5480769230769231 0.07572115384615384 0.22115384615384615 0.15144230769230768
0 0.9639423076923077 0.8870192307692307 0.07211538461538461 0.21394230769230768
0 0.5072115384615384 0.8954326923076923 0.1778846153846154 0.2091346153846154
0 0.027644230769230768 0.9002403846153846 0.055288461538461536 0.19951923076923078
0 0.9435096153846154 0.09735576923076923 0.08413461538461539 0.08653846153846154
0 0.28365384615384615 0.9507211538461539 0.22115384615384615 0.0985576923076923
0 0.7283653846153846 0.9555288461538461 0.09615384615384616 0.0889423076923077
0 0.6947115384615384 0.11298076923076923 0.06971153846153846 0.06971153846153846
0 0.38822115384615385 0.1141826923076923 0.057692307692307696 0.055288461538461536
0 0.2824519230769231 0.11778846153846154 0.09615384615384616 0.07451923076923077
0 0.12139423076923077 0.013221153846153846 0.004807692307692308 0.002403846153846154
0 0.8185096153846154 0.12139423076923077 0.08173076923076923 0.07692307692307693
0 0.31850961538461536 0.018028846153846152 0.0673076923076923 0.036057692307692304
0 0.3629807692307692 0.16826923076923078 0.040865384615384616 0.06009615384615385
0 0.10576923076923077 0.019230769230769232 0.09375 0.038461538461538464
0 0.025240384615384616 0.21634615384615385 0.05048076923076923 0.07211538461538461
0 0.6502403846153846 0.22355769230769232 0.0625 0.05048076923076923
0 0.20552884615384615 0.22956730769230768 0.052884615384615384 0.06009615384615385