0 0.47596153846153844 0.3870192307692308 0.028846153846153848 0.028846153846153848
0 0.5877403846153846 0.39302884615384615 0.09615384615384616 0.06971153846153846
0 0.31850961538461536 0.3942307692307692 0.0673076923076923 0.06971153846153846
0 0.4951923076923077 0.4387019230769231 0.06009615384615385 0.040865384615384616
0 0.6165865384615384 0.4495192307692308 0.0673076923076923 0.04567307692307692
0 0.29927884615384615 0.45913461538461536 0.32211538461538464 0.1778846153846154
0 0.5793269230769231 0.4987980769230769 0.11778846153846154 0.07211538461538461
0 0.15384615384615385 0.5420673076923077 0.05048076923076923 0.055288461538461536
0 0.6574519230769231 0.5504807692307693 0.038461538461538464 0.038461538461538464
0 0.0889423076923077 0.5588942307692307 0.125 0.15625
0 0.17548076923076922 0.578125 0.08653846153846154 0.06009615384615385
0 0.6959134615384616 0.5925480769230769 0.06009615384615385 0.06009615384615385
0 0.5276442307692307 0.6117788461538461 0.14423076923076922 0.13221153846153846
0 0.42427884615384615 0.6165865384615384 0.057692307692307696 0.055288461538461536
0 0.2932692307692308 0.6225961538461539 0.14903846153846154 0.11778846153846154
0 0.16947115384615385 0.6574519230769231 0.04326923076923077 0.04326923076923077
0 0.8774038461538461 0.6959134615384616 0.1971153846153846 0.15625
0 0.13341346153846154 0.7331730769230769 0.038461538461538464 0.057692307692307696
0 0.38100961538461536 0.7439903846153846 0.19230769230769232 0.21875
0 0.7884615384615384 0.8052884615384616 0.23557692307692307 0.30528846153846156
0 0.36778846153846156 0.8341346153846154 0.07932692307692307 0.11298076923076923