0 0.6694711538461539 0.25961538461538464 0.16346153846153846 0.057692307692307696
0 0.33413461538461536 0.3125 0.07932692307692307 0.06971153846153846
0 0.46274038461538464 0.3545673076923077 0.1346153846153846 0.14182692307692307
0 0.6346153846153846 0.3858173076923077 0.2932692307692308 0.12259615384615384
0 0.7175480769230769 0.5456730769230769 0.21634615384615385 0.1778846153846154
0 0.19110576923076922 0.6826923076923077 0.38221153846153844 0.4951923076923077
0 0.6814903846153846 0.9375 0.11057692307692307 0.125
0 0.5576923076923077 0.10817307692307693 0.23076923076923078 0.07932692307692307
0 0.8497596153846154 0.17668269230769232 0.055288461538461536 0.0673076923076923
0 0.7295673076923077 0.1814903846153846 0.1346153846153846 0.057692307692307696
0 0.4254807692307692 0.19110576923076922 0.25 0.09375