0 0.6069711538461539 0.19831730769230768 0.0625 0.019230769230769232
0 0.7139423076923077 0.21514423076923078 0.06490384615384616 0.026442307692307692
0 0.6213942307692307 0.2283653846153846 0.06009615384615385 0.03125
0 0.5228365384615384 0.23197115384615385 0.052884615384615384 0.028846153846153848
0 0.6466346153846154 0.25600961538461536 0.09615384615384616 0.03365384615384615
0 0.4579326923076923 0.265625 0.06971153846153846 0.040865384615384616
0 0.6947115384615384 0.27524038461538464 0.10336538461538461 0.021634615384615384
0 0.6466346153846154 0.3076923076923077 0.0625 0.03365384615384615
0 0.7752403846153846 0.3088942307692308 0.13701923076923078 0.038461538461538464
0 0.5372596153846154 0.31490384615384615 0.0625 0.040865384615384616
0 0.38341346153846156 0.3233173076923077 0.10576923076923077 0.03365384615384615
0 0.6322115384615384 0.35216346153846156 0.15144230769230768 0.04326923076923077
0 0.4338942307692308 0.3605769230769231 0.11538461538461539 0.04807692307692308
0 0.33533653846153844 0.3737980769230769 0.05048076923076923 0.038461538461538464
0 0.7572115384615384 0.3918269230769231 0.17067307692307693 0.04567307692307692
0 0.4387019230769231 0.41466346153846156 0.12259615384615384 0.03365384615384615
0 0.6574519230769231 0.48677884615384615 0.20192307692307693 0.10096153846153846
0 0.08173076923076923 0.7572115384615384 0.13221153846153846 0.10336538461538461
0 0.6502403846153846 0.8269230769230769 0.2620192307692308 0.18509615384615385