0 0.36778846153846156 0.43028846153846156 0.25 0.052884615384615384
0 0.4795673076923077 0.5036057692307693 0.12259615384615384 0.04326923076923077
0 0.2980769230769231 0.53125 0.12259615384615384 0.040865384615384616
0 0.9435096153846154 0.5348557692307693 0.0985576923076923 0.10576923076923077
0 0.7872596153846154 0.6165865384615384 0.10096153846153846 0.07211538461538461
0 0.2403846153846154 0.6382211538461539 0.14903846153846154 0.052884615384615384
0 0.8822115384615384 0.7211538461538461 0.21875 0.10576923076923077
0 0.171875 0.7824519230769231 0.15625 0.11057692307692307
0 0.5228365384615384 0.8557692307692307 0.27884615384615385 0.20432692307692307
0 0.9507211538461539 0.8966346153846154 0.0985576923076923 0.18509615384615385
0 0.10216346153846154 0.9399038461538461 0.20432692307692307 0.1201923076923077