0 0.6069711538461539 0.36658653846153844 0.11538461538461539 0.05048076923076923
0 0.7331730769230769 0.3894230769230769 0.14423076923076922 0.07692307692307693
0 0.6358173076923077 0.40625 0.08173076923076923 0.05048076923076923
0 0.6658653846153846 0.43990384615384615 0.11778846153846154 0.0625
0 0.5649038461538461 0.4483173076923077 0.06971153846153846 0.04807692307692308
0 0.6069711538461539 0.484375 0.09615384615384616 0.04567307692307692
0 0.4375 0.4987980769230769 0.15384615384615385 0.06971153846153846
0 0.671875 0.5168269230769231 0.09615384615384616 0.038461538461538464
0 0.5204326923076923 0.5913461538461539 0.17548076923076922 0.09375
0 0.3737980769230769 0.6610576923076923 0.2091346153846154 0.12980769230769232
0 0.15504807692307693 0.7295673076923077 0.30528846153846156 0.15384615384615385
0 0.48677884615384615 0.8016826923076923 0.24519230769230768 0.14903846153846154
0 0.7175480769230769 0.8521634615384616 0.13701923076923078 0.10336538461538461
0 0.29086538461538464 0.8557692307692307 0.1778846153846154 0.15625