0 0.29086538461538464 0.30649038461538464 0.04326923076923077 0.03365384615384615
0 0.18509615384615385 0.3269230769230769 0.052884615384615384 0.04567307692307692
0 0.3557692307692308 0.3581730769230769 0.09375 0.04326923076923077
0 0.20552884615384615 0.37259615384615385 0.08653846153846154 0.038461538461538464
0 0.44350961538461536 0.39663461538461536 0.08653846153846154 0.03365384615384615
0 0.24639423076923078 0.40024038461538464 0.09615384615384616 0.038461538461538464
0 0.2848557692307692 0.42908653846153844 0.09375 0.04567307692307692
0 0.21153846153846154 0.4411057692307692 0.036057692307692304 0.03365384615384615
0 0.43028846153846156 0.44350961538461536 0.038461538461538464 0.040865384615384616
0 0.5504807692307693 0.5288461538461539 0.11298076923076923 0.14182692307692307
0 0.2980769230769231 0.5408653846153846 0.15625 0.12740384615384615
0 0.6778846153846154 0.6490384615384616 0.0625 0.07451923076923077
0 0.4411057692307692 0.6634615384615384 0.11057692307692307 0.1466346153846154
0 0.5625 0.6923076923076923 0.10817307692307693 0.13221153846153846
0 0.6225961538461539 0.828125 0.09134615384615384 0.10336538461538461
0 0.9038461538461539 0.890625 0.16346153846153846 0.18269230769230768