0 0.5949519230769231 0.33653846153846156 0.07211538461538461 0.04326923076923077
0 0.2127403846153846 0.39302884615384615 0.036057692307692304 0.026442307692307692
0 0.5685096153846154 0.3942307692307692 0.19471153846153846 0.10096153846153846
0 0.30288461538461536 0.40865384615384615 0.07451923076923077 0.04326923076923077
0 0.13581730769230768 0.4699519230769231 0.07692307692307693 0.04326923076923077
0 0.26802884615384615 0.5276442307692307 0.18269230769230768 0.125
0 0.03485576923076923 0.5709134615384616 0.06971153846153846 0.0889423076923077
0 0.6574519230769231 0.6153846153846154 0.14423076923076922 0.19471153846153846
0 0.3942307692307692 0.7331730769230769 0.11057692307692307 0.10336538461538461
0 0.48677884615384615 0.8990384615384616 0.3317307692307692 0.20192307692307693
0 0.375 0.32211538461538464 0.3293269230769231 0.08173076923076923