0 0.5853365384615384 0.26322115384615385 0.052884615384615384 0.04326923076923077
0 0.5456730769230769 0.2980769230769231 0.06009615384615385 0.04326923076923077
0 0.3245192307692308 0.32091346153846156 0.0625 0.038461538461538464
0 0.5072115384615384 0.33653846153846156 0.12980769230769232 0.07451923076923077
0 0.16706730769230768 0.3545673076923077 0.13221153846153846 0.10336538461538461
0 0.2704326923076923 0.36658653846153844 0.07451923076923077 0.052884615384615384
0 0.234375 0.4254807692307692 0.08653846153846154 0.04567307692307692
0 0.0985576923076923 0.42788461538461536 0.09375 0.06009615384615385
0 0.5853365384615384 0.4338942307692308 0.12740384615384615 0.0889423076923077
0 0.34134615384615385 0.46153846153846156 0.055288461538461536 0.04807692307692308
0 0.15625 0.5 0.1778846153846154 0.06971153846153846
0 0.03365384615384615 0.6213942307692307 0.0673076923076923 0.08413461538461539
0 0.21995192307692307 0.6310096153846154 0.11538461538461539 0.06971153846153846
0 0.7704326923076923 0.7295673076923077 0.28846153846153844 0.2668269230769231
0 0.03245192307692308 0.7463942307692307 0.06490384615384616 0.08173076923076923
0 0.5757211538461539 0.8665865384615384 0.2403846153846154 0.2668269230769231
0 0.890625 0.9399038461538461 0.13701923076923078 0.1201923076923077