0 0.5757211538461539 0.1045673076923077 0.11538461538461539 0.04567307692307692
0 0.6983173076923077 0.12259615384615384 0.10817307692307693 0.04567307692307692
0 0.33533653846153844 0.15264423076923078 0.2403846153846154 0.06009615384615385
0 0.47716346153846156 0.18028846153846154 0.07932692307692307 0.036057692307692304
0 0.6382211538461539 0.18389423076923078 0.17307692307692307 0.05048076923076923
0 0.8665865384615384 0.19230769230769232 0.0985576923076923 0.06490384615384616
0 0.40384615384615385 0.21634615384615385 0.09134615384615384 0.05048076923076923
0 0.21514423076923078 0.23076923076923078 0.21153846153846154 0.07932692307692307
0 0.5697115384615384 0.02403846153846154 0.1346153846153846 0.02403846153846154
0 0.8822115384615384 0.2608173076923077 0.1201923076923077 0.055288461538461536
0 0.6935096153846154 0.28125 0.08653846153846154 0.036057692307692304
0 0.4795673076923077 0.2848557692307692 0.1875 0.09375
0 0.25721153846153844 0.296875 0.07932692307692307 0.038461538461538464
0 0.8509615384615384 0.29927884615384615 0.06490384615384616 0.036057692307692304
0 0.3293269230769231 0.34375 0.08653846153846154 0.04567307692307692
0 0.5721153846153846 0.34375 0.12740384615384615 0.05048076923076923
0 0.1778846153846154 0.3473557692307692 0.09375 0.057692307692307696
0 0.6935096153846154 0.38822115384615385 0.1466346153846154 0.07211538461538461
0 0.3245192307692308 0.042067307692307696 0.1778846153846154 0.06490384615384616
0 0.039663461538461536 0.421875 0.07932692307692307 0.06009615384615385
0 0.8737980769230769 0.4375 0.13221153846153846 0.10096153846153846
0 0.34134615384615385 0.4519230769230769 0.3701923076923077 0.16105769230769232
0 0.5264423076923077 0.051682692307692304 0.14182692307692307 0.028846153846153848
0 0.9807692307692307 0.5132211538461539 0.038461538461538464 0.0889423076923077
0 0.7560096153846154 0.052884615384615384 0.18990384615384615 0.057692307692307696
0 0.6610576923076923 0.6201923076923077 0.2620192307692308 0.21634615384615385
0 0.04567307692307692 0.7175480769230769 0.09134615384615384 0.17548076923076922
0 0.9314903846153846 0.7596153846153846 0.13701923076923078 0.13221153846153846
0 0.3173076923076923 0.8617788461538461 0.47596153846153844 0.2764423076923077
0 0.140625 0.09014423076923077 0.13221153846153846 0.04567307692307692
0 0.8389423076923077 0.9519230769230769 0.27403846153846156 0.09615384615384616