0 0.5877403846153846 0.21634615384615385 0.04807692307692308 0.06009615384615385
0 0.5096153846153846 0.22716346153846154 0.055288461538461536 0.036057692307692304
0 0.5084134615384616 0.28846153846153844 0.08653846153846154 0.08653846153846154
0 0.5504807692307693 0.03125 0.016826923076923076 0.03125
0 0.4963942307692308 0.34615384615384615 0.028846153846153848 0.01201923076923077
0 0.6814903846153846 0.35336538461538464 0.07932692307692307 0.21875
0 0.47596153846153844 0.3762019230769231 0.038461538461538464 0.028846153846153848
0 0.4651442307692308 0.41466346153846156 0.038461538461538464 0.028846153846153848
0 0.578125 0.4206730769230769 0.07451923076923077 0.13701923076923078
0 0.48197115384615385 0.5685096153846154 0.11778846153846154 0.09134615384615384
0 0.7692307692307693 0.7475961538461539 0.12259615384615384 0.4230769230769231
0 0.5661057692307693 0.008413461538461538 0.01201923076923077 0.016826923076923076
0 0.6225961538461539 0.07932692307692307 0.02403846153846154 0.055288461538461536
0 0.5480769230769231 0.11538461538461539 0.028846153846153848 0.06009615384615385
0 0.5961538461538461 0.140625 0.028846153846153848 0.021634615384615384
0 0.5216346153846154 0.1658653846153846 0.038461538461538464 0.026442307692307692
0 0.6478365384615384 0.18028846153846154 0.04326923076923077 0.11778846153846154