0 0.32091346153846156 0.016826923076923076 0.07932692307692307 0.03365384615384615
0 0.38822115384615385 0.171875 0.1466346153846154 0.07211538461538461
0 0.7259615384615384 0.18269230769230768 0.08173076923076923 0.055288461538461536
0 0.5829326923076923 0.19471153846153846 0.11057692307692307 0.07451923076923077
0 0.6790865384615384 0.27403846153846156 0.15865384615384615 0.06490384615384616
0 0.6526442307692307 0.037259615384615384 0.06009615384615385 0.040865384615384616
0 0.09735576923076923 0.037259615384615384 0.08173076923076923 0.028846153846153848
0 0.390625 0.039663461538461536 0.07451923076923077 0.038461538461538464
0 0.6634615384615384 0.38341346153846156 0.16346153846153846 0.11298076923076923
0 0.41586538461538464 0.5024038461538461 0.30288461538461536 0.27163461538461536
0 0.8509615384615384 0.5264423076923077 0.18269230769230768 0.0985576923076923
0 0.8473557692307693 0.6370192307692307 0.19951923076923078 0.10336538461538461
0 0.546875 0.07211538461538461 0.12740384615384615 0.04807692307692308
0 0.3076923076923077 0.0733173076923077 0.07451923076923077 0.03365384615384615
0 0.7872596153846154 0.7824519230769231 0.16826923076923078 0.16346153846153846
0 0.7956730769230769 0.07932692307692307 0.06490384615384616 0.04567307692307692
0 0.15384615384615385 0.8064903846153846 0.3076923076923077 0.2283653846153846
0 0.6694711538461539 0.09615384615384616 0.11778846153846154 0.057692307692307696
0 0.4411057692307692 0.09975961538461539 0.11538461538461539 0.057692307692307696
0 0.2644230769230769 0.1141826923076923 0.0985576923076923 0.057692307692307696
0 0.5805288461538461 0.13341346153846154 0.14903846153846154 0.055288461538461536
0 0.7740384615384616 0.14543269230769232 0.0625 0.04567307692307692
0 0.8762019230769231 0.1466346153846154 0.057692307692307696 0.04807692307692308