0 0.49158653846153844 0.3076923076923077 0.055288461538461536 0.021634615384615384
0 0.8185096153846154 0.328125 0.1346153846153846 0.10336538461538461
0 0.5480769230769231 0.33653846153846156 0.052884615384615384 0.02403846153846154
0 0.4170673076923077 0.3401442307692308 0.07211538461538461 0.06971153846153846
0 0.6069711538461539 0.3425480769230769 0.038461538461538464 0.019230769230769232
0 0.3545673076923077 0.37259615384615385 0.052884615384615384 0.038461538461538464
0 0.5120192307692307 0.3942307692307692 0.06971153846153846 0.02403846153846154
0 0.2644230769230769 0.4026442307692308 0.11538461538461539 0.036057692307692304
0 0.5264423076923077 0.43149038461538464 0.08173076923076923 0.026442307692307692
0 0.3137019230769231 0.44350961538461536 0.07692307692307693 0.028846153846153848
0 0.25 0.47475961538461536 0.07211538461538461 0.038461538461538464
0 0.6189903846153846 0.484375 0.16105769230769232 0.055288461538461536
0 0.9387019230769231 0.49399038461538464 0.12259615384615384 0.20192307692307693
0 0.4182692307692308 0.5048076923076923 0.09134615384615384 0.040865384615384616
0 0.7307692307692307 0.5180288461538461 0.09615384615384616 0.055288461538461536
0 0.1778846153846154 0.5348557692307693 0.10336538461538461 0.057692307692307696
0 0.5444711538461539 0.5685096153846154 0.0889423076923077 0.055288461538461536
0 0.13221153846153846 0.578125 0.0985576923076923 0.057692307692307696
0 0.42908653846153844 0.6117788461538461 0.10096153846153846 0.057692307692307696
0 0.5805288461538461 0.6454326923076923 0.11538461538461539 0.08413461538461539
0 0.08052884615384616 0.6538461538461539 0.15865384615384615 0.0889423076923077
0 0.42908653846153844 0.7163461538461539 0.22596153846153846 0.12259615384615384
0 0.65625 0.8389423076923077 0.14182692307692307 0.14423076923076922