0 0.44711538461538464 0.4723557692307692 0.04807692307692308 0.06490384615384616
0 0.38221153846153844 0.5264423076923077 0.040865384615384616 0.03365384615384615
0 0.4182692307692308 0.5721153846153846 0.14182692307692307 0.038461538461538464
0 0.5084134615384616 0.6598557692307693 0.14182692307692307 0.07932692307692307
0 0.34975961538461536 0.6742788461538461 0.10336538461538461 0.06971153846153846
0 0.6935096153846154 0.6983173076923077 0.125 0.12980769230769232
0 0.45552884615384615 0.7235576923076923 0.13701923076923078 0.07692307692307693
0 0.4338942307692308 0.8185096153846154 0.16826923076923078 0.1201923076923077
0 0.9242788461538461 0.8521634615384616 0.15144230769230768 0.2091346153846154
0 0.5348557692307693 0.9326923076923077 0.3269230769230769 0.1346153846153846
0 0.27163461538461536 0.9483173076923077 0.16826923076923078 0.10336538461538461