0 0.4362980769230769 0.3605769230769231 0.08413461538461539 0.026442307692307692
0 0.7512019230769231 0.36778846153846156 0.036057692307692304 0.038461538461538464
0 0.7788461538461539 0.42427884615384615 0.06971153846153846 0.038461538461538464
0 0.30408653846153844 0.43509615384615385 0.0625 0.038461538461538464
0 0.49399038461538464 0.49278846153846156 0.18269230769230768 0.04807692307692308
0 0.7992788461538461 0.6165865384615384 0.11298076923076923 0.040865384615384616
0 0.2403846153846154 0.6298076923076923 0.15625 0.040865384615384616
0 0.8557692307692307 0.7283653846153846 0.1778846153846154 0.07692307692307693
0 0.17548076923076922 0.7632211538461539 0.1658653846153846 0.08173076923076923
0 0.5228365384615384 0.8629807692307693 0.2956730769230769 0.18028846153846154
0 0.9543269230769231 0.8762019230769231 0.0889423076923077 0.13221153846153846
0 0.10336538461538461 0.9362980769230769 0.20673076923076922 0.12740384615384615
0 0.4795673076923077 0.31490384615384615 0.10096153846153846 0.021634615384615384