0 0.12259615384615384 0.23918269230769232 0.036057692307692304 0.06009615384615385
0 0.4699519230769231 0.25961538461538464 0.15865384615384615 0.1466346153846154
0 0.8798076923076923 0.34134615384615385 0.04807692307692308 0.06009615384615385
0 0.21634615384615385 0.3557692307692308 0.040865384615384616 0.038461538461538464
0 0.7776442307692307 0.3581730769230769 0.07211538461538461 0.08413461538461539
0 0.45072115384615385 0.36658653846153844 0.04326923076923077 0.052884615384615384
0 0.30528846153846156 0.3786057692307692 0.052884615384615384 0.04326923076923077
0 0.17307692307692307 0.38461538461538464 0.036057692307692304 0.04807692307692308
0 0.36778846153846156 0.3894230769230769 0.038461538461538464 0.038461538461538464
0 0.7139423076923077 0.390625 0.038461538461538464 0.057692307692307696
0 0.025240384615384616 0.39783653846153844 0.05048076923076923 0.35096153846153844
0 0.8930288461538461 0.39903846153846156 0.026442307692307692 0.028846153846153848
0 0.28846153846153844 0.4206730769230769 0.05048076923076923 0.05048076923076923
0 0.3737980769230769 0.4411057692307692 0.057692307692307696 0.0625
0 0.8449519230769231 0.4639423076923077 0.03365384615384615 0.04807692307692308
0 0.8990384615384616 0.46875 0.038461538461538464 0.040865384615384616
0 0.32211538461538464 0.47596153846153844 0.052884615384615384 0.04326923076923077
0 0.9278846153846154 0.49759615384615385 0.036057692307692304 0.03365384615384615
0 0.9891826923076923 0.5 0.021634615384615384 0.036057692307692304
0 0.8882211538461539 0.5168269230769231 0.04807692307692308 0.055288461538461536
0 0.5540865384615384 0.5276442307692307 0.05048076923076923 0.04807692307692308
0 0.9519230769230769 0.546875 0.04326923076923077 0.03125
0 0.8305288461538461 0.5480769230769231 0.05048076923076923 0.06971153846153846
0 0.7596153846153846 0.5745192307692307 0.07692307692307693 0.0625
0 0.33413461538461536 0.5853365384615384 0.08653846153846154 0.09615384615384616
0 0.5372596153846154 0.5901442307692307 0.07932692307692307 0.04326923076923077
0 0.4483173076923077 0.5985576923076923 0.07451923076923077 0.07932692307692307
0 0.025240384615384616 0.6105769230769231 0.05048076923076923 0.06490384615384616
0 0.6850961538461539 0.6201923076923077 0.09615384615384616 0.09134615384615384
0 0.38461538461538464 0.640625 0.040865384615384616 0.038461538461538464
0 0.7824519230769231 0.671875 0.07932692307692307 0.07451923076923077
0 0.23798076923076922 0.6814903846153846 0.057692307692307696 0.08653846153846154
0 0.9074519230769231 0.6971153846153846 0.05048076923076923 0.04807692307692308
0 0.4050480769230769 0.6995192307692307 0.06971153846153846 0.08173076923076923
0 0.5901442307692307 0.6995192307692307 0.11057692307692307 0.10336538461538461
0 0.47716346153846156 0.7608173076923077 0.13221153846153846 0.10817307692307693
0 0.3737980769230769 0.8052884615384616 0.08173076923076923 0.11778846153846154
0 0.2644230769230769 0.8112980769230769 0.04567307692307692 0.09615384615384616
0 0.07932692307692307 0.8521634615384616 0.15865384615384615 0.17548076923076922
0 0.9579326923076923 0.9615384615384616 0.07932692307692307 0.07692307692307693
0 0.8605769230769231 0.20192307692307693 0.10096153846153846 0.07211538461538461
0 0.7716346153846154 0.21033653846153846 0.04807692307692308 0.06490384615384616
0 0.7403846153846154 0.21995192307692307 0.03125 0.036057692307692304