0 0.609375 0.24158653846153846 0.05048076923076923 0.038461538461538464
0 0.4423076923076923 0.2512019230769231 0.04807692307692308 0.038461538461538464
0 0.5576923076923077 0.27524038461538464 0.08173076923076923 0.03365384615384615
0 0.5925480769230769 0.3016826923076923 0.08413461538461539 0.040865384615384616
0 0.5516826923076923 0.3245192307692308 0.05048076923076923 0.028846153846153848
0 0.4699519230769231 0.3317307692307692 0.04807692307692308 0.028846153846153848
0 0.65625 0.33413461538461536 0.09615384615384616 0.03125
0 0.359375 0.34134615384615385 0.0673076923076923 0.040865384615384616
0 0.5372596153846154 0.36899038461538464 0.12259615384615384 0.04326923076923077
0 0.3942307692307692 0.38221153846153844 0.08413461538461539 0.036057692307692304
0 0.31009615384615385 0.38341346153846156 0.03365384615384615 0.038461538461538464
0 0.6382211538461539 0.40384615384615385 0.13221153846153846 0.057692307692307696
0 0.3918269230769231 0.4230769230769231 0.10576923076923077 0.04807692307692308
0 0.5552884615384616 0.5024038461538461 0.19951923076923078 0.10817307692307693
0 0.11298076923076923 0.7512019230769231 0.11538461538461539 0.11057692307692307
0 0.5673076923076923 0.8112980769230769 0.2620192307692308 0.23798076923076922