0 0.4651442307692308 0.1310096153846154 0.0673076923076923 0.03365384615384615
0 0.20432692307692307 0.13341346153846154 0.06009615384615385 0.052884615384615384
0 0.9338942307692307 0.15384615384615385 0.0889423076923077 0.05048076923076923
0 0.09975961538461539 0.15865384615384615 0.08173076923076923 0.04807692307692308
0 0.4254807692307692 0.16706730769230768 0.07451923076923077 0.03125
0 0.6706730769230769 0.17427884615384615 0.09375 0.08413461538461539
0 0.38461538461538464 0.20673076923076922 0.10096153846153846 0.05048076923076923
0 0.546875 0.20793269230769232 0.16105769230769232 0.08173076923076923
0 0.16105769230769232 0.23677884615384615 0.07932692307692307 0.040865384615384616
0 0.26802884615384615 0.2692307692307692 0.08653846153846154 0.07932692307692307
0 0.45072115384615385 0.2704326923076923 0.13221153846153846 0.08653846153846154
0 0.7872596153846154 0.28125 0.125 0.11298076923076923
0 0.09134615384615384 0.31490384615384615 0.09615384615384616 0.0625
0 0.3329326923076923 0.35096153846153844 0.1346153846153846 0.10576923076923077
0 0.6298076923076923 0.036057692307692304 0.07211538461538461 0.03125
0 0.6189903846153846 0.3605769230769231 0.18028846153846154 0.125
0 0.04927884615384615 0.3858173076923077 0.09375 0.0889423076923077
0 0.18269230769230768 0.41586538461538464 0.1875 0.11298076923076923
0 0.41346153846153844 0.4230769230769231 0.15384615384615385 0.07932692307692307
0 0.6875 0.4579326923076923 0.13221153846153846 0.08173076923076923
0 0.46274038461538464 0.5036057692307693 0.1466346153846154 0.07932692307692307
0 0.953125 0.054086538461538464 0.09375 0.040865384615384616
0 0.4987980769230769 0.055288461538461536 0.08173076923076923 0.038461538461538464
0 0.7463942307692307 0.057692307692307696 0.07932692307692307 0.04326923076923077
0 0.19471153846153846 0.6105769230769231 0.25721153846153844 0.15865384615384615
0 0.4699519230769231 0.6526442307692307 0.20432692307692307 0.16826923076923078
0 0.21033653846153846 0.8004807692307693 0.23076923076923078 0.15384615384615385
0 0.40024038461538464 0.08052884615384616 0.04567307692307692 0.02403846153846154
0 0.5865384615384616 0.08173076923076923 0.05048076923076923 0.03365384615384615
0 0.3317307692307692 0.09495192307692307 0.04567307692307692 0.03365384615384615
0 0.5288461538461539 0.10336538461538461 0.0673076923076923 0.03125
0 0.2704326923076923 0.11298076923076923 0.04807692307692308 0.036057692307692304
0 0.7776442307692307 0.11298076923076923 0.08173076923076923 0.036057692307692304
0 0.6598557692307693 0.11538461538461539 0.11298076923076923 0.040865384615384616