0 0.04447115384615385 0.31009615384615385 0.08653846153846154 0.040865384615384616
0 0.6033653846153846 0.33413461538461536 0.09134615384615384 0.040865384615384616
0 0.7776442307692307 0.3762019230769231 0.055288461538461536 0.03125
0 0.4206730769230769 0.38221153846153844 0.05048076923076923 0.03125
0 0.6838942307692307 0.42788461538461536 0.12259615384615384 0.07211538461538461
0 0.13701923076923078 0.5192307692307693 0.13942307692307693 0.057692307692307696
0 0.037259615384615384 0.5817307692307693 0.0673076923076923 0.03365384615384615
0 0.43509615384615385 0.5925480769230769 0.18509615384615385 0.11057692307692307
0 0.9831730769230769 0.078125 0.03365384615384615 0.05048076923076923
0 0.10216346153846154 0.8389423076923077 0.1971153846153846 0.13701923076923078
0 0.9182692307692307 0.10697115384615384 0.11057692307692307 0.040865384615384616
0 0.7620192307692307 0.14903846153846154 0.07211538461538461 0.026442307692307692
0 0.8930288461538461 0.16346153846153846 0.10817307692307693 0.0625