0 0.19471153846153846 0.4735576923076923 0.036057692307692304 0.03365384615384615
0 0.43149038461538464 0.48677884615384615 0.0673076923076923 0.04326923076923077
0 0.37259615384615385 0.4891826923076923 0.019230769230769232 0.03125
0 0.31009615384615385 0.5072115384615384 0.07211538461538461 0.06971153846153846
0 0.6790865384615384 0.5865384615384616 0.06009615384615385 0.04326923076923077
0 0.4639423076923077 0.5877403846153846 0.1201923076923077 0.07932692307692307
0 0.5673076923076923 0.5949519230769231 0.0625 0.055288461538461536
0 0.265625 0.6081730769230769 0.13701923076923078 0.0889423076923077
0 0.7451923076923077 0.7271634615384616 0.057692307692307696 0.04326923076923077
0 0.47716346153846156 0.7463942307692307 0.055288461538461536 0.06009615384615385
0 0.78125 0.7548076923076923 0.040865384615384616 0.04567307692307692
0 0.8449519230769231 0.8016826923076923 0.09134615384615384 0.0673076923076923
0 0.3798076923076923 0.8112980769230769 0.12740384615384615 0.10096153846153846
0 0.3125 0.4338942307692308 0.11778846153846154 0.038461538461538464