0 0.515625 0.3329326923076923 0.05048076923076923 0.03365384615384615
0 0.5324519230769231 0.36899038461538464 0.036057692307692304 0.036057692307692304
0 0.13341346153846154 0.38461538461538464 0.25961538461538464 0.1778846153846154
0 0.6382211538461539 0.3870192307692308 0.0625 0.0625
0 0.49038461538461536 0.40625 0.07211538461538461 0.0625
0 0.3713942307692308 0.4110576923076923 0.10576923076923077 0.09375
0 0.265625 0.45913461538461536 0.08413461538461539 0.06009615384615385
0 0.5528846153846154 0.5288461538461539 0.10096153846153846 0.1346153846153846
0 0.7127403846153846 0.5552884615384616 0.10096153846153846 0.09134615384615384
0 0.3485576923076923 0.5552884615384616 0.1778846153846154 0.13221153846153846
0 0.484375 0.609375 0.06490384615384616 0.07451923076923077
0 0.09134615384615384 0.6826923076923077 0.16346153846153846 0.13701923076923078
0 0.609375 0.7584134615384616 0.16346153846153846 0.19471153846153846
0 0.3112980769230769 0.8209134615384616 0.18990384615384615 0.3581730769230769
0 0.8774038461538461 0.90625 0.21634615384615385 0.1875