0 0.5144230769230769 0.37259615384615385 0.06009615384615385 0.04326923076923077
0 0.021634615384615384 0.4110576923076923 0.04326923076923077 0.04326923076923077
0 0.29447115384615385 0.44350961538461536 0.06490384615384616 0.026442307692307692
0 0.6766826923076923 0.45072115384615385 0.07211538461538461 0.04567307692307692
0 0.1814903846153846 0.4639423076923077 0.06971153846153846 0.03365384615384615
0 0.5480769230769231 0.5048076923076923 0.09134615384615384 0.06009615384615385
0 0.03125 0.5168269230769231 0.04567307692307692 0.055288461538461536
0 0.2776442307692308 0.5456730769230769 0.09134615384615384 0.0625
0 0.8209134615384616 0.5625 0.10096153846153846 0.06971153846153846
0 0.6923076923076923 0.5637019230769231 0.11298076923076923 0.08173076923076923
0 0.10336538461538461 0.5973557692307693 0.10096153846153846 0.055288461538461536
0 0.3245192307692308 0.6622596153846154 0.057692307692307696 0.052884615384615384
0 0.37740384615384615 0.7355769230769231 0.0889423076923077 0.06009615384615385
0 0.24879807692307693 0.7403846153846154 0.06971153846153846 0.06490384615384616
0 0.33653846153846156 0.8137019230769231 0.0673076923076923 0.0673076923076923
0 0.2668269230769231 0.8545673076923077 0.0673076923076923 0.052884615384615384
0 0.5540865384615384 0.8858173076923077 0.10576923076923077 0.10576923076923077
0 0.36538461538461536 0.953125 0.10336538461538461 0.09375