0 0.359375 0.23557692307692307 0.14423076923076922 0.038461538461538464
0 0.5432692307692307 0.2439903846153846 0.09615384615384616 0.040865384615384616
0 0.7788461538461539 0.25600961538461536 0.13942307692307693 0.0625
0 0.23918269230769232 0.3581730769230769 0.25961538461538464 0.10096153846153846
0 0.6430288461538461 0.3701923076923077 0.055288461538461536 0.055288461538461536
0 0.27403846153846156 0.45072115384615385 0.15865384615384615 0.06971153846153846
0 0.46153846153846156 0.5084134615384616 0.13942307692307693 0.10336538461538461
0 0.29086538461538464 0.6586538461538461 0.2956730769230769 0.12980769230769232
0 0.47596153846153844 0.8810096153846154 0.3389423076923077 0.23798076923076922
0 0.6574519230769231 0.10576923076923077 0.07211538461538461 0.040865384615384616
0 0.6959134615384616 0.15985576923076922 0.0889423076923077 0.036057692307692304
0 0.36899038461538464 0.1778846153846154 0.0625 0.036057692307692304
0 0.7439903846153846 0.1935096153846154 0.06971153846153846 0.038461538461538464