0 0.5492788461538461 0.32572115384615385 0.09615384615384616 0.05048076923076923
0 0.36899038461538464 0.328125 0.11298076923076923 0.04326923076923077
0 0.7644230769230769 0.3293269230769231 0.2692307692307692 0.040865384615384616
0 0.15384615384615385 0.33533653846153844 0.125 0.05048076923076923
0 0.5252403846153846 0.3701923076923077 0.2620192307692308 0.04807692307692308
0 0.22115384615384615 0.37740384615384615 0.1778846153846154 0.04326923076923077
0 0.051682692307692304 0.38100961538461536 0.10336538461538461 0.03365384615384615
0 0.7235576923076923 0.4014423076923077 0.25961538461538464 0.057692307692307696
0 0.21995192307692307 0.42908653846153844 0.1875 0.038461538461538464
0 0.5528846153846154 0.5048076923076923 0.34134615384615385 0.10817307692307693
0 0.5504807692307693 0.8197115384615384 0.46875 0.21153846153846154
0 0.6586538461538461 0.234375 0.12740384615384615 0.026442307692307692
0 0.3245192307692308 0.24759615384615385 0.13701923076923078 0.03365384615384615
0 0.5420673076923077 0.27884615384615385 0.13221153846153846 0.04567307692307692
0 0.609375 0.296875 0.18269230769230768 0.036057692307692304