0 0.7698329490951346 0.05527608473222334 0.26013291757318024 0.11055216946444668 
0 0.30835665932184536 0.22046581205430918 0.16664934761916536 0.11253705915513929 
0 0.585561225987688 0.23009380927452672 0.22752643054044702 0.08897075024279918 
0 0.5558194510544403 0.36231402512435074 0.36917318995994847 0.22372195484874008 
0 0.8436052153382121 0.3202269941895872 0.16485935645767402 0.11415056081918568 
0 0.2613699707803847 0.4518214215289106 0.14715226571771162 0.15634406791938532 
0 0.0993267976785008 0.5083327555394435 0.1986535953570016 0.3636826944875194 
0 0.9481622623491891 0.5204930357880644 0.1036754753016218 0.2273767911470853 
0 0.6021997379351266 0.5887272593739268 0.45046541238132903 0.33980401007683725 
0 0.2797449280944052 0.8430680704640818 0.39259399220913277 0.31386385907183645 
