0 0.640625 0.8112980769230769 0.25961538461538464 0.20432692307692307
0 0.6526442307692307 0.49158653846153844 0.2091346153846154 0.09134615384615384
0 0.7536057692307693 0.38822115384615385 0.18028846153846154 0.05048076923076923
0 0.7668269230769231 0.3137019230769231 0.12259615384615384 0.040865384615384616
0 0.6899038461538461 0.28365384615384615 0.10817307692307693 0.03365384615384615
0 0.6430288461538461 0.25721153846153844 0.09615384615384616 0.026442307692307692
0 0.7103365384615384 0.21634615384615385 0.0673076923076923 0.026442307692307692
0 0.4387019230769231 0.4098557692307692 0.12259615384615384 0.04807692307692308
0 0.4423076923076923 0.36658653846153844 0.0889423076923077 0.040865384615384616
0 0.5372596153846154 0.31490384615384615 0.07451923076923077 0.03125
0 0.3870192307692308 0.3269230769230769 0.09134615384615384 0.03365384615384615
0 0.33413461538461536 0.36778846153846156 0.0625 0.028846153846153848
0 0.07572115384615384 0.7536057692307693 0.12259615384615384 0.10096153846153846