0 0.6096174815047397 0.18995063469616708 0.1259933795532433 0.0689610780597675 
0 0.2906693932566238 0.3812656551240423 0.10980613351763918 0.1187726009008297 
0 0.4022501983740281 0.36110077126420015 0.1079057692160344 0.06954126585470283 
0 0.44864434594956837 0.4630678237480595 0.10433608307653186 0.10771690597245376 
0 0.8019990861543291 0.3854551137285611 0.12052332911213604 0.057905383131391375 
0 0.8633203512110612 0.44071033274844756 0.11947390008145808 0.07228996567095436 
0 0.29070194196057975 0.6047003048713042 0.12327056009667325 0.1439227844713009 
0 0.4196410462581114 0.6223063681146963 0.08624440415132817 0.08146724247548165 
0 0.8949940122411497 0.5639489412283409 0.08477357607318148 0.090873717514107 
0 0.3322744120181941 0.8169951084048261 0.17353823733333443 0.14854990241140087 
0 0.609820477378475 0.8614991108131866 0.24799974250750983 0.19794954002825527 
