0 0.6633877683742881 0.27005623734515644 0.10968596359779104 0.11639074657274329 
0 0.41364408596395863 0.3875597663547682 0.08769331307246775 0.10564041137695307 
0 0.41282036504134767 0.4651019987852677 0.36582527724392905 0.33438133156817895 
0 0.6876944180192619 0.38426736126775324 0.12885806830645785 0.12731160288271692 
0 0.2518595991463497 0.6615493401237156 0.1757022124793142 0.22449961952541175 
0 0.34084303155908446 0.6425078848133916 0.10292425296576746 0.1029908553413722 
0 0.6744611204551358 0.5221974953361179 0.1702004042752271 0.20135336336882226 
0 0.46410343564789874 0.6355522819187329 0.1769278390066965 0.19064662767493212 
0 0.9489445052123422 0.4607017869534699 0.1021109895753155 0.23835934763369349 
0 0.5808507797166045 0.7184816858042842 0.24121480857210204 0.31171873341435974 
0 0.9061081233282983 0.6054349982220193 0.18778375334340347 0.4052193683126698 
0 0.5982966681419335 0.8127941463304602 0.10530684146975056 0.1509626637334408 
