0 0.712206347235318 0.4505763334386489 0.3099107413456358 0.17396031344000668 
0 0.3956581782824888 0.5735326552773542 0.482406024275155 0.39077191684335305 
0 0.8467374529157368 0.5860735643356242 0.298246111188616 0.1710083497399315 
0 0.8400665809368266 0.7121024514264602 0.300752912248884 0.1826389333143591 
0 0.5831012631872018 0.13714107472628834 0.13536827200152013 0.06069826952276382 
0 0.7828476252814233 0.873566000219335 0.2870434540245921 0.2528679995613301 
0 0.13054059409155636 0.8962673656443223 0.2610811881831127 0.2074652687113553 
0 0.46027502050540725 0.16955324162773908 0.13548895173472136 0.06329458920075931 
0 0.698597461719231 0.15700175545432352 0.12148619402805572 0.06863718491824551 
0 0.7820902481454934 0.21834666716223733 0.16559326472540803 0.11697668187758503 
0 0.3879740108997364 0.24518997273980614 0.2000824500774515 0.09983633928757937 
0 0.5988420383096329 0.2651925010477158 0.20493057326143 0.10801188831023359 
0 0.6898297276990168 0.3438574643058573 0.17885446783357073 0.08491124443829379 
