0 0.4521499550634898 0.7361612272967258 0.1533374006806668 0.07000260752410137 
0 0.30309066980346344 0.73410690946532 0.18905793483640587 0.09919616624052296 
0 0.3605128815778269 0.6742841316561393 0.15626496774948917 0.08031807509549149 
0 0.4111608562417511 0.6212752018068812 0.1271564785076421 0.060548603828317504 
0 0.6021300895337512 0.5771476294606777 0.21192391626841367 0.09643167580289791 
0 0.47362046410667147 0.5027208938974465 0.23833421920235853 0.12334682671307351 
0 0.619328335130572 0.4069667684620824 0.3002512877253811 0.16907531287282562 
0 0.8175862283732651 0.2934060308146359 0.3648275432534699 0.22101724558863145 
0 0.44097650928133514 0.2971306786748576 0.3337909584149352 0.1933890657471905 
0 0.17128119611610182 0.29978946629416175 0.18002128081360702 0.12303236787542338 
0 0.6450176602813138 0.2040377837683766 0.2718820182114272 0.19185416686711065 
