0 0.5742021133957527 0.23606508032319512 0.10232383542947687 0.2300313668807751 
0 0.01679750015793463 0.26325979087558493 0.03359500031586926 0.18290551664865562 
0 0.6699933671565711 0.39082849570337286 0.1256574234872494 0.14727562454146176 
0 0.7820312212098319 0.4042495688811172 0.09012202753853604 0.16588104557870004 
0 0.8713929518213812 0.4231630702914321 0.08271898542131695 0.16777437471496276 
0 0.45392425619367 0.4372125809567834 0.12392760736923003 0.15990502217094305 
0 0.5664410244101141 0.48334447018386145 0.09179025326135015 0.17648055952817654 
0 0.9079793251428321 0.5752259268978526 0.05119468195419097 0.17981634769342886 
0 0.22796207232616666 0.7434222807133863 0.0833981249210326 0.20434760079166003 
0 0.3821186569501769 0.7879564701603149 0.1000073373799697 0.1849438817367941 
0 0.29031454327935474 0.8438089438501348 0.08205099182951481 0.11601156631702092 
