0 0.2566400728482197 0.3142485441984954 0.26017511269865523 0.16775248963155864 
0 0.1495462058517344 0.416314490047502 0.1422954829805929 0.13621852545090662 
0 0.8388237988161866 0.47947805899160884 0.11505455259588937 0.10292818045910501 
0 0.019023382284821977 0.4985745653694059 0.038046764569643954 0.3226056134259259 
0 0.8935928811070971 0.6651160534517265 0.21281423778580577 0.2201779589240933 
0 0.47287645782993004 0.7571893574279033 0.39726220016666036 0.31192201214072157 
0 0.13988552699753587 0.7781763147424768 0.27977105399507174 0.4436473705150463 
0 0.8795068001688838 0.9469170464409722 0.18952925339304727 0.10616590711805551 
0 0.21570988214394865 0.9789215464650849 0.19992028122134775 0.04215690706983011 
0 0.25874522612555395 0.14250546208134404 0.1986210083903195 0.11994773017035591 
0 0.4138459669640128 0.23299708425262827 0.16392476051535765 0.09789050066912616 
0 0.05806282621724096 0.2405111430603781 0.11612565243448192 0.10124692563657406 
