0 0.10484237063784814 0.38831030021374907 0.20968474127569628 0.28456309270718105 
0 0.32167199941781854 0.35373567339241685 0.12441294136350917 0.1421489209200429 
0 0.21060310687563463 0.440806431052959 0.09647467534801374 0.09701484072524885 
0 0.5335912527392966 0.44812676758892767 0.13224047754424317 0.19653538616709304 
0 0.7152804468291507 0.43578854001025535 0.1318016558174112 0.1432328575831951 
0 0.3109536411275282 0.5383014285107278 0.21165713201467176 0.21717069282644275 
0 0.06347571254092756 0.7753646310451812 0.1269514250818551 0.2284341997804894 
0 0.6315207443439677 0.7310950805303973 0.22473561415937915 0.3104216539050978 
0 0.2961871352056609 0.8155890945839671 0.2562884930274214 0.3688218108320658 
0 0.9096053146240882 0.8463395605396732 0.18078937075182355 0.30732087892065363 
