0 0.5096153846153846 0.33052884615384615 0.038461538461538464 0.06971153846153846
0 0.34375 0.3870192307692308 0.03125 0.040865384615384616
0 0.4795673076923077 0.40865384615384615 0.02403846153846154 0.03125
0 0.35336538461538464 0.4519230769230769 0.036057692307692304 0.04326923076923077
0 0.5108173076923077 0.5144230769230769 0.11057692307692307 0.11778846153846154
0 0.35216346153846156 0.5264423076923077 0.06971153846153846 0.05048076923076923
0 0.4182692307692308 0.5408653846153846 0.028846153846153848 0.03365384615384615
0 0.4579326923076923 0.5697115384615384 0.040865384615384616 0.06009615384615385
0 0.7668269230769231 0.6995192307692307 0.31009615384615385 0.27163461538461536
0 0.3233173076923077 0.7271634615384616 0.09134615384615384 0.11057692307692307
0 0.42908653846153844 0.7487980769230769 0.07692307692307693 0.10576923076923077
0 0.5649038461538461 0.7716346153846154 0.06971153846153846 0.08173076923076923
0 0.12379807692307693 0.8233173076923077 0.12259615384615384 0.2091346153846154
0 0.4879807692307692 0.8858173076923077 0.08173076923076923 0.10817307692307693
0 0.203125 0.890625 0.07932692307692307 0.11778846153846154
0 0.34375 0.8954326923076923 0.0985576923076923 0.11538461538461539
0 0.9302884615384616 0.9158653846153846 0.13942307692307693 0.16346153846153846
0 0.026442307692307692 0.9326923076923077 0.052884615384615384 0.1346153846153846
0 0.6298076923076923 0.953125 0.15625 0.09375
0 0.39783653846153844 0.9747596153846154 0.13701923076923078 0.05048076923076923