0 0.4482902495697098 0.5824532449137886 0.10552871056111945 0.13199963022438044 
0 0.6905773668812771 0.37185049951663296 0.2945762111452924 0.30653391350882275 
0 0.27893009323572615 0.35899256821816095 0.08748417425586091 0.12343702541116919 
0 0.3777563121731017 0.33144894707189626 0.07396472971830181 0.1176667619788071 
0 0.5045433277567467 0.30144206637889354 0.06670253055966596 0.09132078387094966 
0 0.09568899226767194 0.26242373764322713 0.11882343215702434 0.23152048888811794 
0 0.4356871130853186 0.18059022337565345 0.07848982148600142 0.1204591033596567 
0 0.17099506023842012 0.18637235669206942 0.07647851404707984 0.13079335586507046 
0 0.30183260608267815 0.17573060065480117 0.09429972729018005 0.12892891783753613 
0 0.8475570098532799 0.13093229279731972 0.1334050611193317 0.18264156774189877 
0 0.5690935740841463 0.10212629370587545 0.14742838242624312 0.10769503949381654 
0 0.3539542076197845 0.08761971467369306 0.12854638463789048 0.06003102402781069 
