0 0.5684900089186065 0.6516237110671601 0.16545649937220974 0.06227406318941264 
0 0.2806741948030433 0.6670869224429747 0.16471142671546157 0.12130274797350638 
0 0.4912543199500259 0.6310113699325008 0.1192501223817164 0.07515902346279946 
0 0.5230995100371691 0.5637472478836929 0.11799442524812653 0.08782148608271934 
0 0.3857975006103515 0.5247328565528355 0.12121169421137601 0.09875950788586862 
0 0.5497239171242227 0.3998033790390726 0.198749386534399 0.15836270979649036 
0 0.9001011970091839 0.29244597835244296 0.10851119002517384 0.1070353848946527 
0 0.17499756326480786 0.29439922194406776 0.34999512652961573 0.2982216079000364 
0 0.2836818500440947 0.11340079035783679 0.13053539821079807 0.14205742870587756 
0 0.45693488996856063 0.11140418176206279 0.2139280280288386 0.22280836352412559 
0 0.8348233261886908 0.041281626014511796 0.12761491658736246 0.08256325202902359 
0 0.6136794479525819 0.703503149161067 0.1433521776783222 0.08087245170316537 
