0 0.11778846153846154 0.2548076923076923 0.03125 0.07692307692307693
0 0.06009615384615385 0.27163461538461536 0.040865384615384616 0.09375
0 0.3317307692307692 0.3713942307692308 0.08413461538461539 0.1875
0 0.8353365384615384 0.4495192307692308 0.06971153846153846 0.13701923076923078
0 0.24879807692307693 0.5 0.11298076923076923 0.11538461538461539
0 0.14182692307692307 0.5024038461538461 0.08173076923076923 0.13942307692307693
0 0.054086538461538464 0.5120192307692307 0.07692307692307693 0.14423076923076922
0 0.4495192307692308 0.5588942307692307 0.10336538461538461 0.125
0 0.34975961538461536 0.5913461538461539 0.07692307692307693 0.1466346153846154
0 0.9158653846153846 0.6237980769230769 0.04326923076923077 0.06009615384615385
0 0.02283653846153846 0.6514423076923077 0.04567307692307692 0.16346153846153846
0 0.43990384615384615 0.6574519230769231 0.03125 0.055288461538461536
0 0.15504807692307693 0.6875 0.026442307692307692 0.0625
0 0.2848557692307692 0.7427884615384616 0.040865384615384616 0.057692307692307696
0 0.6610576923076923 0.8389423076923077 0.06009615384615385 0.17067307692307693
0 0.5300480769230769 0.8725961538461539 0.07932692307692307 0.15625
0 0.7824519230769231 0.8762019230769231 0.028846153846153848 0.08413461538461539
0 0.9098557692307693 0.8894230769230769 0.055288461538461536 0.10096153846153846
0 0.9831730769230769 0.9086538461538461 0.03365384615384615 0.1201923076923077
0 0.6129807692307693 0.9242788461538461 0.06490384615384616 0.09615384615384616
0 0.38100961538461536 0.9651442307692307 0.04326923076923077 0.06971153846153846
0 0.2920673076923077 0.9759615384615384 0.057692307692307696 0.04807692307692308