0 0.6214339122923194 0.33517977961049694 0.18080312280982025 0.11423343030964428 
0 0.212997245285316 0.31433222997281945 0.20064669485771558 0.15021823653975608 
0 0.3337917478858323 0.340319441753019 0.11023082078918617 0.07838276596666938 
0 0.2719916592801781 0.4040337704491678 0.12293023987621621 0.07432552168325718 
0 0.10528362898210107 0.39060703207867575 0.1389698894168582 0.09349135754936361 
0 0.6858042211205475 0.4551092003406495 0.18460799647509896 0.13294373355397354 
0 0.1520064009210994 0.48291113233441785 0.24699918198396786 0.1280070969703615 
0 0.18776728547028312 0.6470799458556014 0.1713868093364786 0.11603572038695331 
0 0.7987448458306707 0.8124655382440233 0.40251030833865853 0.3750689235119532 
0 0.5503640288098821 0.8865893092541408 0.40142508232499174 0.22682138149171827 
