0 0.060103017817098627 0.6383362443479774 0.12020603563419725 0.10082309670644263 
0 0.6650675213526165 0.9532368646909113 0.2731588858145253 0.09352627061817742 
0 0.05822327023460751 0.5467627747418129 0.11644654046921502 0.10265398417433647 
0 0.36304161031410176 0.4081968751672196 0.19226385045934602 0.09886821590057782 
0 0.9364105305343708 0.28899763969525905 0.1271789389312583 0.36672166798212746 
0 0.10897049071296812 0.42613550473565925 0.21794098142593624 0.16594781744970033 
0 0.47150031599418196 0.2812124801008669 0.1343454431604456 0.10096138732074056 
0 0.3954083074337591 0.9154318927085563 0.2162326227420222 0.08763975378585187 
0 0.7557871783221208 0.8093476543687794 0.3134869368618757 0.1972361838980896 
0 0.31858602654997004 0.6913422257932897 0.28715468714476894 0.15742567924604012 
