0 0.4295309970253392 0.35260836942208246 0.24153815821597446 0.2161837365343163 
0 0.33102830585680504 0.5004537513219014 0.15989580656352798 0.16407147343294615 
0 0.13964165135433798 0.6083534912741865 0.18138773064864322 0.33571225497389096 
0 0.5244741740979646 0.5028795232426936 0.08366851806640618 0.10703993090693814 
0 0.9550959938450864 0.5328542086744555 0.08980801230982727 0.33795739208478376 
0 0.6764513969421386 0.7663083644728587 0.3909773274471886 0.4673832710542827 
0 0.26030628806666317 0.8329433381866297 0.4357701753315172 0.3341133236267406 
0 0.41761450516550164 0.20471161264212023 0.19425948293585538 0.1402676933169983 
0 0.5614030938399466 0.22597782352427742 0.12250133313630762 0.09795893535712838 
0 0.23309261924342095 0.3322896413852514 0.1231842041015625 0.12794340459793963 
