0 0.2881419466018704 0.539403967586666 0.07253778692183455 0.08504321367558765 
0 0.3847983655224644 0.555453764658929 0.0903964558250539 0.06976882871337076 
0 0.4100132989757128 0.6438764520203781 0.07705387035271793 0.0880362627264275 
0 0.6841949605312497 0.6964119431040874 0.11074687646679915 0.08695299232836529 
0 0.5542874488864281 0.762075700746218 0.09965298430898151 0.10547846990477028 
0 0.931282660047942 0.9094594202027493 0.10647385145992339 0.11616044829138816 
0 0.2967772093168433 0.8862303738213977 0.13102250990115763 0.09422930824678655 
0 0.5008380484816845 0.9564810746401394 0.20329854159713784 0.08703785071972114 
0 0.4378814455296397 0.8280492388063667 0.17594028578598359 0.09195929374132206 
0 0.6060379788695747 0.913041997047286 0.1579320424679903 0.08741798331039274 
0 0.7631754072590791 0.9528189703835961 0.1424716412940631 0.09436205923280794 
