0 0.5685096153846154 0.3161057692307692 0.038461538461538464 0.04567307692307692
0 0.6346153846153846 0.33052884615384615 0.04807692307692308 0.028846153846153848
0 0.40384615384615385 0.3425480769230769 0.052884615384615384 0.03125
0 0.7103365384615384 0.3473557692307692 0.06490384615384616 0.028846153846153848
0 0.5805288461538461 0.35697115384615385 0.052884615384615384 0.026442307692307692
0 0.7956730769230769 0.4026442307692308 0.04807692307692308 0.040865384615384616
0 0.5985576923076923 0.4050480769230769 0.07211538461538461 0.036057692307692304
0 0.47836538461538464 0.4326923076923077 0.14182692307692307 0.06971153846153846
0 0.6310096153846154 0.4483173076923077 0.057692307692307696 0.03365384615384615
0 0.30288461538461536 0.453125 0.08653846153846154 0.04326923076923077
0 0.6201923076923077 0.5120192307692307 0.08413461538461539 0.06490384615384616
0 0.953125 0.5204326923076923 0.09375 0.07451923076923077
0 0.23197115384615385 0.5252403846153846 0.13942307692307693 0.08413461538461539
0 0.7536057692307693 0.5276442307692307 0.11778846153846154 0.07932692307692307
0 0.9723557692307693 0.6177884615384616 0.055288461538461536 0.05048076923076923
0 0.8413461538461539 0.6262019230769231 0.1658653846153846 0.09615384615384616
0 0.23918269230769232 0.7644230769230769 0.47836538461538464 0.47115384615384615