0 0.5920425415039063 0.6313048511294265 0.2931730612730369 0.2643939070965177 
0 0.2263935773800581 0.8833125128817918 0.4527871547601162 0.2333749742364163 
0 0.7134592105180789 0.9477066730135051 0.3610122680664063 0.10458665397298994 
0 0.8499842325846354 0.7501922300712547 0.1779383732722355 0.1805211359532034 
0 0.2602684241074782 0.49995483705146837 0.41339376889742335 0.24306154490715298 
0 0.625565162071815 0.36628326339338296 0.16812955416165865 0.10137506226199355 
0 0.8255057701697717 0.39823242647563994 0.15732179299379 0.13874908907329614 
0 0.5747679685934995 0.14545670705824043 0.16674636449569302 0.08607996648280465 
0 0.41661757444724057 0.2776612324930316 0.20327036930964537 0.10412152927724563 
0 0.14395450200790014 0.26144637294750117 0.2044326488788311 0.10944857190002749 
0 0.5376541920197315 0.06316069502327311 0.142669442983774 0.06906746140676526 
0 0.2765655615390875 0.15968203904041695 0.26136034451998197 0.11656733373900754 
0 0.7142562474959937 0.023456202080501386 0.1973884778145033 0.04691240416100277 
0 0.5032932379306891 0.3388158136875785 0.14795250525841352 0.08194981867344536 
