0 0.6065930709463034 0.2884079472935615 0.17163292645233608 0.09009643099201262 
0 0.32765310503579115 0.41385669613358983 0.1513553112011239 0.137339501831662 
0 0.533720119833359 0.34653405526384184 0.12020663557381461 0.09272141717559662 
0 0.579102971870911 0.39430652447600856 0.12130102148196964 0.10573828398291746 
0 0.45231164265148743 0.49732477747978854 0.1178711012666448 0.1135486204232743 
0 0.6430420992996893 0.5402266279381899 0.211027493030567 0.19286991707721152 
0 0.27444285124980755 0.8245832149069108 0.37857115797221363 0.35083357018617845 
0 0.4335416408595193 0.9296640045014186 0.12546276224070585 0.14067199099716265 
0 0.6193299317007581 0.8676937729565065 0.22574032938539101 0.26461245408698697 
0 0.9848246233803886 0.8120491445361084 0.030350753239222983 0.19789434784087379 
0 0.6409210806409713 0.21653660257064286 0.15027810082647008 0.10612039898165421 
