0 0.6131984064138095 0.36255513948629814 0.13685216111544185 0.05181082806252024 
0 0.7545894770323569 0.3693874790476437 0.17058394231751162 0.08179034341701802 
0 0.8392882478306223 0.41224722991441964 0.10186126157954567 0.06356614441045061 
0 0.7112651238052926 0.42807896100707754 0.13930913962797065 0.05206847904119555 
0 0.6764617480303726 0.4582011059467894 0.1333542171076243 0.06025809397530063 
0 0.5074200843359545 0.5168396849442065 0.1720726729475981 0.07974293968349178 
0 0.6280837322814199 0.5811971750130085 0.20342019324998495 0.09845483245565667 
0 0.5141059322803663 0.6701603335453066 0.2938193749236359 0.18505771989224706 
0 0.2837182531144305 0.7629077456039657 0.3463114539563414 0.20378341676028866 
0 0.584860745311508 0.8263887520176673 0.491200468582706 0.2299947961057922 
0 0.9274274537771878 0.8205478792883525 0.1253900812095472 0.07484757108866003 
