0 0.5432692307692307 0.17908653846153846 0.055288461538461536 0.07451923076923077
0 0.8004807692307693 0.20673076923076922 0.07451923076923077 0.0625
0 0.6730769230769231 0.21514423076923078 0.06971153846153846 0.08413461538461539
0 0.47115384615384615 0.25 0.10096153846153846 0.07211538461538461
0 0.7764423076923077 0.2692307692307692 0.09134615384615384 0.08653846153846154
0 0.7199519230769231 0.33413461538461536 0.1466346153846154 0.09134615384615384
0 0.21754807692307693 0.36778846153846156 0.22115384615384615 0.14423076923076922
0 0.5276442307692307 0.4375 0.19951923076923078 0.17307692307692307
0 0.6189903846153846 0.6983173076923077 0.2091346153846154 0.2644230769230769
0 0.2439903846153846 0.6983173076923077 0.41346153846153844 0.41346153846153844
0 0.8581730769230769 0.12860576923076922 0.09134615384615384 0.08653846153846154