0 0.21812124670916866 0.2951703091382263 0.12559997048680227 0.1446438354558992 
0 0.5751603012494693 0.405253593271248 0.06806991132879558 0.09303661830084126 
0 0.7077520343427319 0.5099370103730886 0.10478323572491632 0.06699901856056073 
0 0.3873520270735717 0.5128584310026144 0.14653112057841933 0.09889638584730998 
0 0.10195404217103032 0.4459964218822212 0.1202813714666 0.24862489773599217 
0 0.28591311875966463 0.5223338921901414 0.08869995339747727 0.0832059387973329 
0 0.7776285938091381 0.6742422048360046 0.09525712342964998 0.08755631450100021 
0 0.4491488069330147 0.6221181331606587 0.08227426815515038 0.08146255579177997 
0 0.8159578741266513 0.7322094991038954 0.09097333326809875 0.0863940591639647 
0 0.5495930445930212 0.6969381298155619 0.09311522834887431 0.08697518683248229 
0 0.41281286744631623 0.6968249844725471 0.10741293152183118 0.11913887252284439 
0 0.8578668474831861 0.826824013967622 0.14623001255548418 0.13481315595239085 
0 0.5438734562347309 0.8103423121835287 0.2080438618750421 0.18758262844448415 
0 0.33475864681930095 0.888382375112432 0.13426089715650702 0.19070609432939312 
