0 0.6691115383628425 0.6781190542608218 0.27781378073186014 0.0841855384493827 
0 0.5534652515225971 0.5863347466091071 0.13776752211461074 0.06017940442748593 
0 0.7541975819653547 0.5754686220810359 0.1375550961378178 0.05755914362809922 
0 0.053927385190187416 0.5030196103850135 0.10785477038037483 0.1257542812824176 
0 0.2272764610565775 0.43051811874516277 0.11667948303630027 0.08932582048391602 
0 0.8266829400655018 0.464991585938222 0.16750707699934542 0.07346754194706762 
0 0.1327761625367248 0.306456753451807 0.24834460106600098 0.13851380092803045 
0 0.9120186504256798 0.3150488641730194 0.1759626991486406 0.13711937231108517 
0 0.5373113555230995 0.19787311242653488 0.3227128183362423 0.2523242535256921 
0 0.07343228130982454 0.10790478889857813 0.12403715385669456 0.21222288766217878 
0 0.9437135010331118 0.15082230320764622 0.1125729979337764 0.15270422336687717 
