0 0.4014423076923077 0.23317307692307693 0.14423076923076922 0.03365384615384615
0 0.6574519230769231 0.265625 0.12980769230769232 0.09375
0 0.4675480769230769 0.265625 0.0985576923076923 0.055288461538461536
0 0.43149038461538464 0.32572115384615385 0.09615384615384616 0.06971153846153846
0 0.9723557692307693 0.375 0.055288461538461536 0.08653846153846154
0 0.5504807692307693 0.3870192307692308 0.09615384615384616 0.08173076923076923
0 0.3870192307692308 0.4855769230769231 0.16346153846153846 0.1346153846153846
0 0.05048076923076923 0.5360576923076923 0.08653846153846154 0.0985576923076923
0 0.75 0.6670673076923077 0.3389423076923077 0.25721153846153844
0 0.6033653846153846 0.8365384615384616 0.0985576923076923 0.14182692307692307
0 0.4326923076923077 0.8413461538461539 0.15865384615384615 0.28846153846153844
0 0.0625 0.859375 0.10096153846153846 0.16105769230769232
0 0.36778846153846156 0.17668269230769232 0.1201923076923077 0.055288461538461536
0 0.5084134615384616 0.203125 0.06971153846153846 0.04567307692307692