0 0.4641211226179793 0.4292114218384105 0.14577962514516474 0.16222683219022527 
0 0.1899130125303526 0.7219565734074713 0.3798260250607052 0.42204087525991196 
0 0.7168883761844119 0.6215678173134185 0.12926955351958402 0.1563978170547683 
0 0.593070922026763 0.6773763257403707 0.10978504902607678 0.14903499790556363 
0 0.4302756644584037 0.7443137550846859 0.0962611842799832 0.12046723279534066 
0 0.9381965431007179 0.6800497878121468 0.12360691379856426 0.28498572218941787 
0 0.5407020568847656 0.8623782214576268 0.11790387952649917 0.16096587267340912 
0 0.8901819821950552 0.7825311468553173 0.12127787100302212 0.16810856309047972 
0 0.7202267105514939 0.8306544498571746 0.1426236333073797 0.1733761967306604 
0 0.04162861592060807 0.9554191017643734 0.08325723184121614 0.08916179647125311 
0 0.3706392442857897 0.953271791916485 0.21187208021009296 0.09345641616703004 
0 0.6663056141621357 0.9462883922172763 0.18195163623706723 0.10742321556544732 
