0 0.5899351901032418 0.9549625120211841 0.11098147577937723 0.06801156311208811 
0 0.4781108946717465 0.9616889630784771 0.1046154632431553 0.06657163242714625 
0 0.7925300551353902 0.8596251676252088 0.22420735892646926 0.10717225812045394 
0 0.5189139192668153 0.8893314807091206 0.16287013135334594 0.08426497408141409 
0 0.315642550539114 0.9266448461251431 0.09996966766496052 0.08358758680638967 
0 0.7193255785257362 0.8105794663924191 0.09072198927616248 0.06794575965207361 
0 0.8830212407043042 0.758699383667067 0.202585529918349 0.12034839733985259 
0 0.2881616105775631 0.8623056877129887 0.11714659470524269 0.07843944788163226 
0 0.6387945340956681 0.7582397303547798 0.1842471539835182 0.12975052485942107 
0 0.5453305709827995 0.7187277635615876 0.1225520519572727 0.07514541307678257 
0 0.8926188398331281 0.6364610786674246 0.09428482638119118 0.0755266847817413 
0 0.4292842235776183 0.6991774159775372 0.14385058416606245 0.10028807294068909 
0 0.82417184547614 0.9583165328463125 0.1699958055634032 0.08336693430737507 
0 0.26028821850909856 0.6866525368307201 0.13688189079877033 0.1258120045095542 
0 0.7274304782475847 0.5661357581231413 0.35896724554649895 0.23250428573502768 
0 0.4115844875283522 0.4642838930128606 0.27452344327137634 0.26534592859350214 
0 0.9353663127810797 0.2455470067295482 0.11569642666515523 0.19102886238665162 
0 0.145002914178456 0.38099629449422634 0.14736950850349984 0.1575427339831601 
0 0.6667631820576212 0.17069232580159865 0.47538875623169774 0.3413846516031973 
0 0.9569909298963006 0.8822885904990687 0.08601814020739873 0.0713714013769523 
0 0.18827786369229133 0.1731585644458144 0.26111958206027885 0.1493966758236186 
