0 0.3155356729738778 0.6960198358233379 0.1520438737292048 0.10685614118376008 
0 0.7308268160098684 0.517898509262416 0.09937283373872274 0.06637818942787754 
0 0.3467292929591042 0.5720811961030161 0.19563809949143637 0.15261079504305097 
0 0.7974917402811532 0.44988336791755584 0.09719950181726844 0.0818611627238256 
0 0.4100654209418796 0.46999041417034154 0.16175006422966598 0.1039480837022565 
0 0.19165165438997303 0.45819140117454116 0.22096075667203313 0.1138259352187041 
0 0.4798379131991737 0.3791940858184975 0.11222590560023787 0.07531335505589609 
0 0.6599580105838345 0.3330668021693927 0.1934647675699822 0.1680937683389988 
0 0.7991734738788012 0.2752111486716115 0.09878277084155684 0.09570718410279111 
0 0.28411618221789325 0.345057158752651 0.2504628147158503 0.16175695385457656 
0 0.6269749074910841 0.06596085796054951 0.47426559295659304 0.13192171592109903 
