0 0.3547745256904582 0.24201233843539624 0.11583649005434554 0.08307109995091216 
0 0.06903363538989969 0.4713936663688498 0.13806727077979938 0.11025635739590267 
0 0.886561183777665 0.3701868767433978 0.11712751717403025 0.10048689740769406 
0 0.41139474155415906 0.5418218653252784 0.3055470514676931 0.22583876264856223 
0 0.10041793904190671 0.6686635524668593 0.20083587808381342 0.16042871678129167 
0 0.18696553764039706 0.8362845765783431 0.3739310752807941 0.31601500003895866 
0 0.8075157185764464 0.7204429545301072 0.18610177685158336 0.12704768079392437 
0 0.4434509985642977 0.8760138572530544 0.3620882514933377 0.24797228549389128 
0 0.950915187360121 0.844700387183656 0.09816962527975792 0.1389464520393534 
0 0.3230028329540627 0.06319330854618803 0.17621017577477413 0.1009259781938918 
0 0.6703595432109478 0.05290163831507906 0.15786107718470244 0.10580327663015812 
