0 0.8119073454866703 0.7552304729338615 0.17606361625120825 0.10301071084955693 
0 0.44770317470904475 0.7254734449489142 0.10193673359979061 0.10019035749537963 
0 0.5825366580609194 0.666837630733367 0.17213601181187582 0.19675675258841563 
0 0.7585941786618577 0.6187643851003339 0.32884291029468027 0.21973300236527638 
0 0.8261203175967501 0.4345135842600176 0.26193119324359704 0.27404596472299225 
0 0.24007661563833962 0.32663486849877144 0.48015323127667925 0.6532697369975429 
0 0.7339397902341233 0.03263276623141387 0.14906157660730113 0.06526553246282774 
0 0.7174479887657559 0.9222480520125358 0.24874260499305345 0.13343704644069876 
0 0.8808914263223864 0.8315076110183551 0.14323134274826832 0.09128164475963962 
0 0.5665767512370631 0.8482344893998998 0.28482201173133465 0.16176868766866703 
