0 0.5699526926188273 0.19467671359353084 0.1342275845801557 0.04518670521748755 
0 0.815875555142688 0.24539002841779592 0.271388158873218 0.06180071594226527 
0 0.4843955412393913 0.26619899628074317 0.19709716081200734 0.05114895614923104 
0 0.23803617366704516 0.26791465222869204 0.12074789433472455 0.06248108728162938 
0 0.9017905616081788 0.3206399908609292 0.19641887678364234 0.07877691248879382 
0 0.20518750246497525 0.3306991974283957 0.14163598191812554 0.05418390031893294 
0 0.6304068408415505 0.36353321450443904 0.22271772567249815 0.09144542279516743 
0 0.5175047044932131 0.41541145149701797 0.1482214141296393 0.049939851182300765 
0 0.9385307273820084 0.4291741568101317 0.11390539247118481 0.05570137240378392 
0 0.3771290483499607 0.45322116190572503 0.173893735160508 0.07040627002288236 
0 0.8534825817070363 0.14367230509804635 0.20563734909883769 0.0645811116978766 
0 0.17259761211479457 0.4939067237253274 0.16525003453292209 0.09663421008494694 
0 0.7389905492758209 0.5213072234971933 0.4340657856860154 0.15837128892368946 
0 0.38918886630972804 0.1422281060219318 0.21680170127617027 0.058246856544689696 
0 0.3572476392891326 0.6680671043806838 0.33132303419230036 0.20650966440797125 
0 0.9616671587137746 0.774166151938282 0.07666568257245088 0.16429426625666266 
0 0.06195278941427146 0.789521783203188 0.12390557882854292 0.12558872719879244 
0 0.6682294480867244 0.8831093932752407 0.5744147081441472 0.23378121344951863 
0 0.12337052103212715 0.9606966551020105 0.2467410420642543 0.07860668979597896 
