0 0.34202951592537123 0.32161417829150013 0.36583720838363254 0.1819780314871288 
0 0.65151370162519 0.4872059635331675 0.6412702705005168 0.415398420926485 
0 0.1653133870561338 0.44027986850190726 0.3306267741122676 0.17696087789909032 
0 0.1506749589658687 0.564523980760699 0.3013499179317374 0.19044167939427636 
0 0.5786325660460891 0.026419505126793766 0.16027872068888938 0.05283901025358753 
0 0.15866502589456538 0.759598953605632 0.31733005178913076 0.321618899352868 
0 0.8129661715760523 0.8677600830715568 0.37406765684789534 0.26447983385688645 
0 0.703613970787115 0.06433241796867033 0.1643755498502414 0.07017636859385837 
0 0.4468815305837736 0.03263643578511928 0.14602536571269142 0.06527287157023856 
0 0.3388678547939823 0.0816992530623553 0.203742736282571 0.12271683645621914 
0 0.7600328206320893 0.1493372904725237 0.24715975213676433 0.10937037853908291 
0 0.5208646368354819 0.14745531007452983 0.24628201587554654 0.11595036280061805 
0 0.39739865672831626 0.2171176382518002 0.20763314917205722 0.09013006145586858 
