0 0.7632579596089446 0.316825395719059 0.13376210046018822 0.10097804651897074 
0 0.5914626086383459 0.3073403242507325 0.09879152120501966 0.06065020481634609 
0 0.5483737722487438 0.3661128099968395 0.09912956833770442 0.07506776830449596 
0 0.6453388394211574 0.4338409053458122 0.10122346152813377 0.08718245804112207 
0 0.4802944359431725 0.5250169958716381 0.17132608304927277 0.14384889036472215 
0 0.16705262712711866 0.559089705353244 0.09545641321141332 0.1036627668891924 
0 0.7770449778380749 0.7260785044607353 0.35143139638726817 0.27618341197182605 
0 0.6148689774073697 0.8895717138032669 0.11386755217611055 0.14787597092005478 
0 0.4596330667272422 0.8682773182475183 0.19377866649510722 0.2634453635049634 
0 0.12160002378372231 0.8855751802474963 0.11939240597662788 0.1673795386944582 
0 0.5167104933705626 0.21270895607393228 0.11836314346749283 0.06173078257856052 
