0 0.7203340383676382 0.33892771130272914 0.12880307711087735 0.23173048413151393 
0 0.10260455791766826 0.3364666895316689 0.12749367738381412 0.18647663842577078 
0 0.8012501789973332 0.49035394990731823 0.1426510835305238 0.1609481525165467 
0 0.9154802469106821 0.5079962600012567 0.10824694511217947 0.17274250102107075 
0 0.9776341731731708 0.5313019944260012 0.04473165365365839 0.17105961612977555 
0 0.572030541835687 0.5243279710212279 0.1442315126076722 0.17302210912627763 
0 0.6831248943622296 0.5729834221643034 0.11315898406199909 0.1838785943652606 
0 0.3023627452361278 0.8034943690568449 0.11226661877754396 0.21103797073977892 
0 0.45674072656876 0.8525856979411026 0.12535130427433894 0.19842283847184983 
0 0.3555900573730469 0.9007175230788163 0.09893286289312908 0.13010625353447547 
