0 0.5288461538461539 0.41947115384615385 0.11057692307692307 0.038461538461538464
0 0.4326923076923077 0.46153846153846156 0.04807692307692308 0.040865384615384616
0 0.49038461538461536 0.49278846153846156 0.07211538461538461 0.055288461538461536
0 0.25 0.5132211538461539 0.07692307692307693 0.07451923076923077
0 0.35336538461538464 0.5180288461538461 0.09615384615384616 0.057692307692307696
0 0.5877403846153846 0.5396634615384616 0.06009615384615385 0.03365384615384615
0 0.6322115384615384 0.5829326923076923 0.052884615384615384 0.04567307692307692
0 0.38100961538461536 0.6009615384615384 0.08173076923076923 0.07692307692307693
0 0.47716346153846156 0.6069711538461539 0.040865384615384616 0.038461538461538464
0 0.6742788461538461 0.6213942307692307 0.11778846153846154 0.07211538461538461
0 0.7283653846153846 0.6658653846153846 0.0889423076923077 0.05048076923076923
0 0.5360576923076923 0.6995192307692307 0.10576923076923077 0.09134615384615384
0 0.7463942307692307 0.765625 0.06009615384615385 0.06009615384615385
0 0.9399038461538461 0.8004807692307693 0.11298076923076923 0.10096153846153846
0 0.2620192307692308 0.8485576923076923 0.13942307692307693 0.07692307692307693
0 0.4807692307692308 0.921875 0.21634615384615385 0.11778846153846154
0 0.41225961538461536 0.7764423076923077 0.1875 0.06971153846153846
0 0.35096153846153844 0.7151442307692307 0.06490384615384616 0.038461538461538464
0 0.5925480769230769 0.8401442307692307 0.16826923076923078 0.0673076923076923
0 0.7608173076923077 0.875 0.15144230769230768 0.10336538461538461