0 0.7350366053623499 0.3737956430928957 0.4268629145200282 0.3269201100576695 
0 0.9188765149561262 0.12016498895360178 0.08941980341454048 0.08075093941612371 
0 0.12897279384627727 0.25300221697645875 0.09225061068439366 0.08594629504196744 
0 0.09471011423928379 0.32261242687755465 0.18942022847856757 0.15936044676769753 
0 0.21738061668387776 0.42625504690976457 0.17148512564626606 0.16189767059847654 
0 0.7182113403812009 0.6100988387542103 0.426375225679995 0.32007074206748637 
0 0.36172624453781443 0.6019326901053091 0.2572613070575646 0.2260376410717851 
0 0.06107809794626737 0.5438774293436912 0.09703217331438002 0.11853912262854327 
0 0.48772271095485276 0.0755580447073262 0.24076415227847908 0.1511160894146524 
0 0.8663405945851919 0.909306509693218 0.08963854354924938 0.18138698061356395 
0 0.3896921627372746 0.8181086048947356 0.19956339822178876 0.24518583384537962 
0 0.8984442308686089 0.17429539992629992 0.0935511142578157 0.1042112763491222 
0 0.15292484694940867 0.8121131683406884 0.2371877674515681 0.1514861767122303 
0 0.6161507757081098 0.9330648189926563 0.10624208408698177 0.10963995050779174 
0 0.6380495492477012 0.12402278128616823 0.0773790853720856 0.08445475591103162 
0 0.20800006728500642 0.03433360879436661 0.10526670640691502 0.06866721758873322 
0 0.7665231698239556 0.16441289100938217 0.09039518109460742 0.09444967539648978 
