0 0.6682692307692307 0.6117788461538461 0.2644230769230769 0.1971153846153846
0 0.3245192307692308 0.8521634615384616 0.4375 0.2764423076923077
0 0.8016826923076923 0.9362980769230769 0.3317307692307692 0.1201923076923077
0 0.9182692307692307 0.7451923076923077 0.15625 0.13701923076923078
0 0.34134615384615385 0.45552884615384615 0.3894230769230769 0.16346153846153846
0 0.6862980769230769 0.38341346153846156 0.15384615384615385 0.0673076923076923
0 0.8762019230769231 0.4362980769230769 0.13942307692307693 0.10096153846153846
0 0.9711538461538461 0.5132211538461539 0.05048076923076923 0.06009615384615385
0 0.6262019230769231 0.18389423076923078 0.15384615384615385 0.052884615384615384
0 0.48197115384615385 0.27884615384615385 0.18990384615384615 0.06490384615384616
0 0.4014423076923077 0.21875 0.08413461538461539 0.038461538461538464
0 0.21634615384615385 0.2283653846153846 0.19471153846153846 0.06971153846153846
0 0.6935096153846154 0.125 0.10096153846153846 0.036057692307692304
0 0.5865384615384616 0.10697115384615384 0.13221153846153846 0.040865384615384616
0 0.3401442307692308 0.15625 0.24759615384615385 0.0673076923076923
0 0.75 0.06850961538461539 0.18028846153846154 0.06971153846153846
0 0.5685096153846154 0.34375 0.13701923076923078 0.052884615384615384
0 0.6887019230769231 0.28125 0.06490384615384616 0.038461538461538464