0 0.3328649991644551 0.6759157344273158 0.2870585317830093 0.17107393537248883 
0 0.4721348886271469 0.6469845254080636 0.1476583310969306 0.10410228184291292 
0 0.276674285189796 0.5335692705426898 0.14466927797739743 0.10148555210658483 
0 0.9635940823542859 0.8273098700387138 0.0728118352914282 0.1622784314836775 
0 0.8486905085828165 0.6643044607979911 0.14126749985090647 0.12889683314732148 
0 0.2350320306443076 0.38660633632114955 0.1789002746116114 0.12881378173828117 
0 0.920738045495885 0.5895176587785993 0.15852390900823 0.2245168849400112 
0 0.18746544447260655 0.18514415196010048 0.20440285563772265 0.20595881870814736 
0 0.6151644291768547 0.25849260602678564 0.38738870014064486 0.38225917271205356 
0 0.14073454878712427 0.043719656808035745 0.2647680617470778 0.08743931361607149 
