0 0.5384615384615384 0.6995192307692307 0.11298076923076923 0.04807692307692308
0 0.7415865384615384 0.7596153846153846 0.0625 0.04807692307692308
0 0.42427884615384615 0.7764423076923077 0.21875 0.055288461538461536
0 0.04927884615384615 0.8353365384615384 0.0985576923076923 0.22596153846153846
0 0.2668269230769231 0.8413461538461539 0.13221153846153846 0.0889423076923077
0 0.4723557692307692 0.921875 0.21875 0.11538461538461539
0 0.8882211538461539 0.9326923076923077 0.22355769230769232 0.12259615384615384
0 0.4230769230769231 0.3894230769230769 0.03365384615384615 0.052884615384615384
0 0.6598557692307693 0.421875 0.052884615384615384 0.03365384615384615
0 0.4891826923076923 0.4795673076923077 0.07211538461538461 0.040865384615384616
0 0.25961538461538464 0.5036057692307693 0.07932692307692307 0.04807692307692308
0 0.38100961538461536 0.5913461538461539 0.08653846153846154 0.03365384615384615
0 0.6766826923076923 0.6117788461538461 0.07692307692307693 0.04807692307692308
0 0.0985576923076923 0.6382211538461539 0.11778846153846154 0.0889423076923077
0 0.7259615384615384 0.6622596153846154 0.0625 0.040865384615384616