0 0.8070708888486899 0.6267872005314021 0.10916868757072595 0.07408459155590508 
0 0.6815300731605806 0.5236745859121348 0.1412209853488422 0.09751705813717537 
0 0.3792568727456096 0.3821402017172281 0.14589049357889755 0.10198697176846594 
0 0.8785671563533688 0.5120348050996855 0.17717179747345058 0.12869544091162755 
0 0.19259458132773058 0.2615644182477679 0.155539180574975 0.09907131442775974 
0 0.58608887653829 0.2101737678825082 0.14160415521903302 0.10047036703530843 
0 0.4332199096679688 0.15685393098112826 0.1226525691890451 0.09940756265219164 
0 0.5734622073372759 0.10771995643516641 0.12055518700219803 0.1017655013443588 
0 0.5080846079876828 0.03920573445109582 0.11301279732111769 0.07841146890219164 
0 0.8698591907044307 0.1084737802480723 0.18628932772240603 0.15972258332487832 
0 0.6762503196270021 0.017350947392451355 0.1764284946792305 0.03470189478490271 
