0 0.35216346153846156 0.34615384615384615 0.07932692307692307 0.03365384615384615
0 0.5408653846153846 0.3713942307692308 0.12740384615384615 0.057692307692307696
0 0.3942307692307692 0.38461538461538464 0.08173076923076923 0.038461538461538464
0 0.3125 0.38822115384615385 0.040865384615384616 0.03125
0 0.640625 0.4014423076923077 0.14423076923076922 0.06490384615384616
0 0.3954326923076923 0.4254807692307692 0.10096153846153846 0.04326923076923077
0 0.5612980769230769 0.5 0.18269230769230768 0.09375
0 0.10576923076923077 0.7548076923076923 0.10096153846153846 0.09134615384615384
0 0.5637019230769231 0.8088942307692307 0.22115384615384615 0.18509615384615385
0 0.6694711538461539 0.234375 0.040865384615384616 0.03365384615384615
0 0.6057692307692307 0.23798076923076922 0.055288461538461536 0.021634615384615384
0 0.4543269230769231 0.2512019230769231 0.057692307692307696 0.04567307692307692
0 0.5528846153846154 0.2764423076923077 0.07932692307692307 0.026442307692307692
0 0.5865384615384616 0.3004807692307692 0.07451923076923077 0.026442307692307692
0 0.6502403846153846 0.33052884615384615 0.10096153846153846 0.040865384615384616
0 0.4675480769230769 0.3317307692307692 0.052884615384615384 0.02403846153846154