0 0.3425480769230769 0.8617788461538461 0.1201923076923077 0.16346153846153846
0 0.7451923076923077 0.9699519230769231 0.13221153846153846 0.06009615384615385
0 0.43990384615384615 0.9783653846153846 0.1658653846153846 0.04326923076923077
0 0.3701923076923077 0.25841346153846156 0.04807692307692308 0.02403846153846154
0 0.17908653846153846 0.265625 0.06009615384615385 0.028846153846153848
0 0.27524038461538464 0.32572115384615385 0.10817307692307693 0.03365384615384615
0 0.11899038461538461 0.32572115384615385 0.036057692307692304 0.019230769230769232
0 0.3557692307692308 0.34134615384615385 0.04567307692307692 0.03125
0 0.75 0.3545673076923077 0.08653846153846154 0.04567307692307692
0 0.6670673076923077 0.390625 0.055288461538461536 0.028846153846153848
0 0.30408653846153844 0.3942307692307692 0.04567307692307692 0.028846153846153848
0 0.2283653846153846 0.39783653846153844 0.055288461538461536 0.038461538461538464
0 0.7115384615384616 0.42788461538461536 0.08173076923076923 0.040865384615384616
0 0.25 0.44471153846153844 0.06971153846153846 0.03125
0 0.36658653846153844 0.453125 0.13942307692307693 0.06490384615384616
0 0.796875 0.4567307692307692 0.04807692307692308 0.038461538461538464
0 0.078125 0.4795673076923077 0.08653846153846154 0.057692307692307696
0 0.18389423076923078 0.5036057692307693 0.09134615384615384 0.07211538461538461
0 0.7524038461538461 0.5084134615384616 0.07932692307692307 0.06490384615384616
0 0.9639423076923077 0.515625 0.07211538461538461 0.0625
0 0.43149038461538464 0.5721153846153846 0.07932692307692307 0.07211538461538461
0 0.2692307692307692 0.6117788461538461 0.21153846153846154 0.14182692307692307
0 0.5300480769230769 0.7055288461538461 0.2283653846153846 0.15625