0 0.363167751911196 0.27564740722694225 0.17537997135178962 0.2075924932155861 
0 0.1329431048256121 0.4923877090737987 0.0847357623946774 0.11184638535165886 
0 0.7764677593796682 0.24311625459196368 0.1431402067297014 0.3704206496714558 
0 0.21018297390651147 0.7018553947739319 0.08256572986346777 0.09205354322980785 
0 0.5707603098392866 0.5492789719336068 0.10030307663405047 0.12940696810223268 
0 0.40148227722561386 0.6320930941491356 0.07906599667862835 0.07374190710930573 
0 0.47862292576105786 0.6063520863431082 0.08537554392852587 0.10796083219043062 
0 0.2858996501580993 0.7189206148972077 0.10700171748813203 0.12829083841659417 
0 0.21893831041024864 0.8080012957550637 0.08803494523578526 0.1049984201877322 
0 0.6791418655669812 0.6085272119875722 0.07330796287399222 0.10871188556035893 
0 0.5439526847132715 0.690718126204488 0.08202622350148503 0.10851889703325024 
0 0.3884419621606192 0.7617999954112851 0.12256903172750477 0.14585142116716787 
0 0.5009570290653624 0.7797232135372967 0.14212544792776693 0.15896838591369467 
0 0.6005641830379923 0.7845085661782748 0.10247310916525976 0.1491998102240839 
0 0.6941816805276493 0.7485165113648646 0.06596954048606196 0.11371356840722557 
0 0.8614210281165836 0.71830854387601 0.18365900078916497 0.23644465913413382 
0 0.035591140947748956 0.36795351365094514 0.07118228189549791 0.11090234345462191 
