0 0.549368393551035 0.722666320794721 0.1264135535874038 0.06651647445901909 
0 0.2091546308062168 0.7049334697709109 0.11922887684633227 0.11002859248190766 
0 0.31382501938477925 0.6712799837399899 0.10988335830173929 0.06626627037721067 
0 0.32348401174397184 0.5632358042182075 0.11249617266801204 0.09998775339729582 
0 0.6591754226191089 0.4683845216628475 0.11968084940908363 0.05647563537440714 
0 0.6963430439931164 0.39335109827312215 0.12093699573219718 0.06919439461282961 
0 0.14062132838247132 0.5144875019598896 0.13548282499059852 0.1329132928458462 
0 0.24902217890226863 0.4407332106109736 0.09182076955156263 0.07593180333910965 
0 0.6864822578389282 0.2738845112480691 0.09192129127160809 0.0842157678823503 
0 0.11217002685914229 0.3146089855744353 0.18238539278001153 0.13914484743979716 
0 0.3434795801290316 0.15021971868786188 0.2584295047687969 0.18612538321931882 
