0 0.31241068779667724 0.0774083150027618 0.1364599300336234 0.09150413953726061 
0 0.35210135737551923 0.12239152302579304 0.14996915406818634 0.09924389496250102 
0 0.5453434231915051 0.057234468735422046 0.09904711759543117 0.0812627787352234 
0 0.6791729890847509 0.037935121791569264 0.19261281460146362 0.07587024358313853 
0 0.15159144099754623 0.2830104377326064 0.1990348574481433 0.11731399576182125 
0 0.4637512496755093 0.19397120338099524 0.41605496949787385 0.2739706464952684 
0 0.7684766552116298 0.10157782887536397 0.12678686214398738 0.09063264140932578 
0 0.219668791565714 0.3307600547009566 0.09130689403678796 0.08116568417686804 
0 0.6430169407325456 0.22847428910062692 0.2530440704732002 0.1883611103368243 
0 0.15160473494590082 0.4623153366128916 0.3012111751339104 0.30618906897196924 
0 0.4076389361031448 0.5015639057309609 0.12058669464497629 0.13388313834122778 
0 0.5843542557728442 0.5361380389356237 0.33437306850771353 0.32894500972717755 
0 0.14516175789169122 0.7310912164803252 0.24953012345712403 0.32533576544814224 
0 0.595253183871885 0.805545836921752 0.574815619746341 0.38890832615649606 
