0 0.8709157307942708 0.6861270487156836 0.25816853841145837 0.16583521796850142 
0 0.9419756613142503 0.5706946686023975 0.11604867737149938 0.1425223702389472 
0 0.23267971101354376 0.5485476040051487 0.12052400516030565 0.10741861357943694 
0 0.6153197575136611 0.5145232610726782 0.10957995138533116 0.08734557950163013 
0 0.11524779939912055 0.35626061514740387 0.2304955987982411 0.23719900194318544 
0 0.5351232726717255 0.22519802258518212 0.46483099265176747 0.3458058597477337 
0 0.831541718029585 0.20655646093625757 0.3369165639408299 0.41311292187251514 
0 0.06760710314974759 0.062432286696883 0.13521420629949518 0.124864573393766 
0 0.9168873771292264 0.874340746542273 0.16622524574154718 0.11003431169737987 
0 0.7561040784491868 0.7852586256032075 0.1896469449736381 0.09279465614687699 
