0 0.039663461538461536 0.3088942307692308 0.07932692307692307 0.057692307692307696
0 0.6009615384615384 0.32211538461538464 0.09375 0.05048076923076923
0 0.4182692307692308 0.36899038461538464 0.055288461538461536 0.055288461538461536
0 0.78125 0.3701923076923077 0.05048076923076923 0.05048076923076923
0 0.6862980769230769 0.4110576923076923 0.1201923076923077 0.08173076923076923
0 0.13822115384615385 0.5108173076923077 0.16105769230769232 0.06490384615384616
0 0.04567307692307692 0.5685096153846154 0.09134615384615384 0.04567307692307692
0 0.40384615384615385 0.5865384615384616 0.2091346153846154 0.12740384615384615
0 0.2247596153846154 0.6947115384615384 0.11538461538461539 0.055288461538461536
0 0.10216346153846154 0.8137019230769231 0.20432692307692307 0.10096153846153846
0 0.96875 0.09014423076923077 0.0625 0.07451923076923077
0 0.7560096153846154 0.14543269230769232 0.07451923076923077 0.038461538461538464
0 0.8954326923076923 0.16105769230769232 0.10336538461538461 0.09375