0 0.9807692307692307 0.29447115384615385 0.038461538461538464 0.036057692307692304
0 0.9050480769230769 0.3473557692307692 0.08653846153846154 0.040865384615384616
0 0.6129807692307693 0.35216346153846156 0.21634615384615385 0.0985576923076923
0 0.9663461538461539 0.359375 0.04326923076923077 0.036057692307692304
0 0.8377403846153846 0.39302884615384615 0.09375 0.05048076923076923
0 0.41586538461538464 0.39783653846153844 0.0889423076923077 0.040865384615384616
0 0.5264423076923077 0.4182692307692308 0.08413461538461539 0.06009615384615385
0 0.4795673076923077 0.45913461538461536 0.08173076923076923 0.05048076923076923
0 0.20072115384615385 0.46875 0.18028846153846154 0.10576923076923077
0 0.6658653846153846 0.49158653846153844 0.15625 0.08413461538461539
0 0.037259615384615384 0.5588942307692307 0.07451923076923077 0.11298076923076923
0 0.5985576923076923 0.6923076923076923 0.2620192307692308 0.21634615384615385
0 0.33052884615384615 0.7487980769230769 0.5865384615384616 0.44711538461538464
0 0.38341346153846156 0.8665865384615384 0.15865384615384615 0.14903846153846154