0 0.44208380775352485 0.18033416160417784 0.09342512434674655 0.0705345624206295 
0 0.2921513637492283 0.2568137536977564 0.1750487776281814 0.12898423470030498 
0 0.5267485397292883 0.1981626330043913 0.2558831155690178 0.16651826001437797 
0 0.2590830826167914 0.3697359488766987 0.0690010529172276 0.0847333156934556 
0 0.6078311499854037 0.27562989482443856 0.10910632165577305 0.1252990509985595 
0 0.44235120959063684 0.43471514321449134 0.13902056396850015 0.13632700957357752 
0 0.08990895673168622 0.669654102517627 0.17981791346337245 0.4902101952423897 
0 0.6658726019293899 0.5153394034672374 0.08208516141101219 0.130806132153514 
0 0.488444805114291 0.7596795352011592 0.3713039599495785 0.4591424867377579 
0 0.03740469383981923 0.9128018039502437 0.07480938767963846 0.17439639209951252 
