0 0.5917899081581517 0.21956545066319388 0.16306453504060447 0.14733971032813556 
0 0.21933168110094572 0.16519687632023486 0.16243900499845804 0.17715996487764013 
0 0.3257692337036133 0.20153314533901986 0.09192884344803665 0.09434707723859181 
0 0.2738833276849044 0.25979555649256125 0.10219078063964845 0.09087639163446554 
0 0.13107319129140754 0.23245641291944807 0.11052090996190123 0.10935499083321046 
0 0.6555490594161184 0.3498123045558878 0.16548831337376646 0.1617066416778976 
0 0.1754781622635691 0.3249086652483259 0.20118219475997123 0.15721327789388898 
0 0.032610341122275906 0.4309615677579073 0.06522068224455181 0.1211597617424402 
0 0.21211054450587224 0.4854762650564353 0.13669966647499487 0.12754077345855797 
0 0.795210045262387 0.7351754694936089 0.3988688820286801 0.4325556176692007 
0 0.5415833523398952 0.8191343240660798 0.3293520877235814 0.36173135186784033 
0 0.8782634534333882 0.9589033101125547 0.18982800935444089 0.08219337977489061 
