0 0.2854076264396546 0.8102970950325653 0.17304570838887853 0.1093692210954702 
0 0.49648290967184394 0.7592436110747216 0.13677005666904352 0.10597619777772493 
0 0.604685001272373 0.6563239885862604 0.19085479413390782 0.10424277452918584 
0 0.5904864356631324 0.5340105795924903 0.2049965025886657 0.15924283159457575 
0 0.323821259554101 0.43663841599048314 0.3824728405664837 0.3605302433334392 
0 0.8050766798554274 0.3408657580533325 0.22908003872664529 0.14636271820481883 
0 0.8046168170908771 0.21270627897929373 0.24979695315083505 0.15459775020113486 
0 0.45403416951497394 0.9018456451291961 0.1499314484772859 0.0798453302564337 
0 0.7408611156322338 0.0815268829263 0.22375197637648803 0.1630537658526 
0 0.11849264114622085 0.14394752895282864 0.2369852822924417 0.2878950579056573 
0 0.5888887839342551 0.8593698775542138 0.14282606013868226 0.08917349011594355 
0 0.3403281358184007 0.8840249870527728 0.13690221877325143 0.087707007803568 
0 0.1525130095305266 0.8897939283996417 0.1163960613270916 0.08358745006364865 
0 0.49239189914925385 0.8287199842251414 0.17601759976180142 0.09203505063767681 
