0 0.4423076923076923 0.2824519230769231 0.06490384615384616 0.06009615384615385
0 0.6598557692307693 0.29927884615384615 0.22115384615384615 0.14182692307692307
0 0.4855769230769231 0.33774038461538464 0.040865384615384616 0.026442307692307692
0 0.040865384615384616 0.35216346153846156 0.08173076923076923 0.06009615384615385
0 0.36778846153846156 0.3942307692307692 0.052884615384615384 0.0889423076923077
0 0.49278846153846156 0.4026442307692308 0.06490384615384616 0.040865384615384616
0 0.25961538461538464 0.4074519230769231 0.0625 0.055288461538461536
0 0.7572115384615384 0.41346153846153844 0.13942307692307693 0.11057692307692307
0 0.04447115384615385 0.4254807692307692 0.0889423076923077 0.06971153846153846
0 0.9338942307692307 0.4519230769230769 0.13221153846153846 0.2692307692307692
0 0.14783653846153846 0.453125 0.06490384615384616 0.08173076923076923
0 0.5733173076923077 0.48197115384615385 0.07451923076923077 0.07932692307692307
0 0.46033653846153844 0.484375 0.07451923076923077 0.052884615384615384
0 0.09254807692307693 0.6790865384615384 0.18509615384615385 0.28125
0 0.42908653846153844 0.8040865384615384 0.3557692307692308 0.35096153846153844
0 0.8221153846153846 0.8088942307692307 0.3557692307692308 0.38221153846153844
0 0.6694711538461539 0.14543269230769232 0.18269230769230768 0.08413461538461539
0 0.640625 0.18629807692307693 0.09375 0.04326923076923077
0 0.5288461538461539 0.21514423076923078 0.11778846153846154 0.0625
0 0.8485576923076923 0.21514423076923078 0.10576923076923077 0.09134615384615384