0 0.22765531193408683 0.567044830669653 0.27868596921277855 0.2448843351218704 
0 0.5812365230714942 0.8462673667846723 0.4602270121228186 0.3074652664306554 
0 0.1283978138965512 0.902618183790514 0.2567956277931024 0.16958170050681454 
0 0.023809138611978198 0.6818107594550579 0.047618277223956396 0.16694967201618782 
0 0.5706786012106189 0.4366903461104753 0.40820383768870805 0.22329499244120238 
0 0.2128950511583495 0.31760088581193313 0.16131360069680745 0.09117199539540849 
0 0.04387446010131735 0.35230239785659456 0.0877489202026347 0.12590236344254868 
0 0.27894643357344967 0.10867943090786585 0.16106063219228062 0.07555296046652074 
0 0.4274058210312679 0.2286452120590217 0.1988026301408743 0.0928539398745884 
0 0.7047709834767406 0.20554561813389674 0.2038911117572485 0.09863163377986145 
0 0.3215799088785627 0.030091539951191862 0.1383311105882823 0.059966027845384226 
0 0.5771787373749317 0.11273820856829893 0.25889469693667655 0.102313299510461 
0 0.336192604693326 0.2886465885174295 0.14354607645691964 0.07355323921510104 
