0 0.4963942307692308 0.22956730769230768 0.055288461538461536 0.04326923076923077
0 0.41225961538461536 0.23677884615384615 0.04567307692307692 0.04567307692307692
0 0.5492788461538461 0.2764423076923077 0.12740384615384615 0.038461538461538464
0 0.4266826923076923 0.33052884615384615 0.04567307692307692 0.040865384615384616
0 0.5024038461538461 0.35096153846153844 0.09615384615384616 0.028846153846153848
0 0.6971153846153846 0.3798076923076923 0.06009615384615385 0.040865384615384616
0 0.20793269230769232 0.3858173076923077 0.10576923076923077 0.09134615384615384
0 0.3233173076923077 0.3918269230769231 0.10817307692307693 0.04326923076923077
0 0.6153846153846154 0.41947115384615385 0.08173076923076923 0.038461538461538464
0 0.6670673076923077 0.4651442307692308 0.0625 0.04567307692307692
0 0.36177884615384615 0.4987980769230769 0.10096153846153846 0.08173076923076923
0 0.7283653846153846 0.5048076923076923 0.12259615384615384 0.028846153846153848
0 0.7860576923076923 0.5709134615384616 0.1201923076923077 0.04326923076923077
0 0.18870192307692307 0.5973557692307693 0.11778846153846154 0.11298076923076923
0 0.31850961538461536 0.6430288461538461 0.08413461538461539 0.06009615384615385
0 0.8076923076923077 0.6947115384615384 0.08173076923076923 0.06971153846153846
0 0.2127403846153846 0.8076923076923077 0.17067307692307693 0.10576923076923077
0 0.49158653846153844 0.9122596153846154 0.24519230769230768 0.13701923076923078