0 0.4317181015014649 0.7509539970984825 0.17227569580078128 0.17128008328951316 
0 0.7659479904174805 0.6222812946026142 0.08292778015136726 0.10046985332782443 
0 0.010129122734069825 0.6262708810659556 0.02025824546813965 0.37832520313752005 
0 0.30448389053344727 0.40154833671374196 0.09257579803466798 0.11218081743289254 
0 0.4229000473022461 0.3776376577524038 0.08098609924316402 0.093806653145032 
0 0.6755853462219239 0.33292433909880814 0.10799922943115237 0.11138340876652641 
0 0.7840520858764649 0.265598394931891 0.09045036315917976 0.0920876527443909 
0 0.5767938232421874 0.25278097299429086 0.12223411560058584 0.12581982734875796 
0 0.4600534439086914 0.19569025284204733 0.1428977203369141 0.13253322503505616 
0 0.354408597946167 0.1573229667467949 0.08903444290161133 0.13715914212740388 
0 0.07123846054077149 0.13604231614332923 0.14247692108154297 0.20336327185997594 
0 0.8517975616455079 0.7959864102877103 0.11586715698242189 0.08798816387469954 
