0 0.2055893987417221 0.4508712768554688 0.18223256866137186 0.1901647253881527 
0 0.9242878754933674 0.3579942051368424 0.151424249013265 0.10271724266341964 
0 0.7127603491147358 0.4037216959120352 0.27539193630218506 0.15328898369511468 
0 0.06404038767019907 0.5494601479059533 0.12808077534039813 0.08577803599683553 
0 0.3568035910526911 0.5322758155533031 0.39496275782585144 0.1779043463212025 
0 0.8266770044962565 0.4828689188896856 0.1957101821899414 0.14659798537628566 
0 0.17103683948516846 0.6955076579806171 0.3420736789703369 0.26322608658030067 
0 0.7902014255523682 0.6281669326975376 0.4195971488952638 0.34926653511916544 
0 0.4389642973740895 0.790224447129648 0.5757411122322083 0.2564104683791535 
0 0.9283901850382487 0.8649509478218949 0.14321962992350268 0.13228303933445418 
