0 0.23961604544139098 0.254931032335436 0.19269374518730623 0.12031503625818202 
0 0.7752405868809156 0.3602126250395904 0.1167784210284758 0.07102026037267739 
0 0.29242086784024157 0.39983406066894533 0.24289976274375819 0.17516007294525976 
0 0.858724768417 0.422249562031514 0.11147274485456116 0.09070950069942985 
0 0.38321712683137343 0.5056737538930532 0.19967577662853908 0.11480580922719597 
0 0.12225226260352073 0.5838489429370777 0.24450452520704147 0.12351610338365704 
0 0.4789817750298324 0.5937150078850824 0.13583752505150543 0.08347526756492818 
0 0.7020604903019441 0.596349252236856 0.224134280849686 0.18970712197793493 
0 0.8706995712559156 0.623079846356366 0.1112039829981234 0.10777435302734373 
0 0.23378535288121 0.6929011989284206 0.3126970744319747 0.18261817725929064 
0 0.6852013012759057 0.9213057646880278 0.5433555184705451 0.15738847062394423 
