0 0.6127021270675083 0.09196337233198451 0.15128535888056915 0.09038969810972824 
0 0.7726354719109139 0.12802885441069906 0.14940675980498264 0.08924909348183488 
0 0.32149331695787253 0.143525389914817 0.28579133463746653 0.1243072215546953 
0 0.6903236446813011 0.2135743283210917 0.22673830277373264 0.10056556539332609 
0 0.9595560607141451 0.2478804994136729 0.08088787857170976 0.11293356469336976 
0 0.19028077497890672 0.24015029947808453 0.2421970607651871 0.13402985511942114 
0 0.9585027430459894 0.3511277766937906 0.08299451390802115 0.09612568388593962 
0 0.49018802210425844 0.3381167371222314 0.22842683960268417 0.14958899071876042 
0 0.5986458612629388 0.42877964263266705 0.1557969638622677 0.0820577093895446 
0 0.15834127565475195 0.3874614188011657 0.10688313789271588 0.0819515065943941 
0 0.7452593594414161 0.5028972625732422 0.18706990969871706 0.11456144616958935 
0 0.30305971006302146 0.02505151008037811 0.22010134449533608 0.05010302016075622 
0 0.9371621542673567 0.5935434179103122 0.12567569146528657 0.15305275612689084 
0 0.33919214301505674 0.5361753220253802 0.41600435386676926 0.2429026745735331 
0 0.8617959202687145 0.04427218944468397 0.27461707742148134 0.08854437888936793 
0 0.6944273557110456 0.7812903181035469 0.3196669033252323 0.29634926166940245 
0 0.05967526967339311 0.7839202475040516 0.11280409545081688 0.1939724049669631 
0 0.9515502699076078 0.9515374366273271 0.09689946018478435 0.0969251267453457 
0 0.32607516233506667 0.8978481698543468 0.4887113595189015 0.20430366029130653 
0 0.0965245706908949 0.04464290702239947 0.1533304822234723 0.08866685091894358 
