0 0.8644915095223107 0.6033168053067388 0.11017536327582589 0.09328287466097485 
0 0.6201541305377392 0.6859666505492564 0.09151280490966418 0.06575974419190667 
0 0.13426086588631764 0.7722292117738456 0.08806209474705462 0.08982361224437263 
0 0.29506734638186577 0.7869442291300585 0.08846119006808661 0.09659613761726349 
0 0.9039804215651415 0.7053595634192742 0.10552736715012034 0.09702916659476823 
0 0.18792454292195038 0.8412972495186035 0.07630907265911313 0.09693183362122548 
0 0.6181395989069118 0.7990585879195234 0.07318688395419637 0.08525992884234057 
0 0.4690942564523065 0.8576882621929095 0.10447122891370286 0.16172818688457968 
0 0.7216402604967029 0.8512171607737217 0.111310191328584 0.15385124052625931 
0 0.039835629634140335 0.9600735834685599 0.07967125926828067 0.07985283306288038 
0 0.30139447158454075 0.9419233800522309 0.12313378727986468 0.11615323989553816 
