0 0.4253117413314548 0.21229294635334603 0.14980337516648784 0.08254325289686187 
0 0.19286877872379682 0.25213233028807225 0.16529637499316654 0.07550824590089941 
0 0.7129609785007156 0.17108512258663233 0.3833891502166825 0.10898880731491817 
0 0.41434385576320965 0.26912836667870277 0.36199186291100105 0.11112890590806637 
0 0.07663804944841612 0.33679303935929844 0.15327609889683225 0.08319190102798935 
0 0.6857709229447458 0.26533102254573704 0.37219141215161805 0.12307435791699492 
0 0.09039952130111423 0.39505983667881217 0.18079904260222845 0.07823099943102241 
0 0.5080479726233251 0.41474924167665117 0.4840071777654361 0.18795381006406475 
0 0.6293131510416666 0.7372150154006916 0.6592671246322359 0.2861018675048145 
0 0.0970086250596374 0.16593694286186156 0.1940172501192748 0.07116146782199206 
0 0.3956468499647145 0.15746356526008842 0.19604903747713898 0.08597053933878239 
0 0.49260335053499715 0.1649976671576834 0.25968071158605666 0.08441209125251666 
