0 0.42068069105203443 0.3246661455203325 0.10780779888175124 0.08151472042768426 
0 0.08343423722107286 0.43921021681565503 0.16686847444214573 0.09690328744741583 
0 0.9422857030967756 0.6051829998309795 0.11542859380644876 0.09852650960286458 
0 0.4209467055480604 0.606570297632462 0.28118098264484737 0.19904280442457933 
0 0.10234728507223846 0.619553688244942 0.17263715804656807 0.1313201513045873 
0 0.16072201591006594 0.7620548932980269 0.32144403182013187 0.24318522917918672 
0 0.7743314842268223 0.8888661311222956 0.1934763737496613 0.10783480130709144 
0 0.38377093717542 0.898810049203726 0.31592035017950687 0.20237990159254804 
0 0.4259862403649126 0.14808272826365937 0.17082185690113572 0.10758730570475263 
0 0.7958882723240495 0.23226857307629706 0.16711006826058983 0.12180435963166067 
