0 0.19557069378134645 0.5608541732443904 0.12184685601128473 0.08160702506999928 
0 0.6983312159408759 0.4392234018273223 0.1839916841483411 0.1092300606251958 
0 0.49963267761983987 0.43863301289111456 0.17026710039303622 0.11931241066533516 
0 0.3380526884102527 0.4562198763204398 0.1181772867838542 0.08001429813547545 
0 0.8343707049334491 0.33770977584341716 0.13141637731481493 0.10163248391976032 
0 0.846628749517747 0.2612380407806627 0.08401255666473761 0.09405517578125 
0 0.40440516530731585 0.3084773013466283 0.2733587382752219 0.1910157932673482 
0 0.6587875742971161 0.16240938803307103 0.2763012921368634 0.2433625414855498 
0 0.16905645912076223 0.19674265773075267 0.290463779590748 0.18697309374510496 
0 0.4319410536024305 0.12933089559837097 0.23583027404031637 0.15118576470473055 
