0 0.6173800942885816 0.8988639762898031 0.10279796351140469 0.10506226409676755 
0 0.33386894686138213 0.8024871796752616 0.10481060929034824 0.07265510657146224 
0 0.49177049033006837 0.8375111655894771 0.16817401521769004 0.11758440503117973 
0 0.21231703063351426 0.7144361853905999 0.09473647304515742 0.09812638937354401 
0 0.38955561958964746 0.753634494497108 0.14054724918538003 0.11587426349865448 
0 0.7189253993968868 0.8180044953804703 0.13794689082620137 0.1418287870510071 
0 0.043150580708105964 0.6302591730818957 0.08630116141621193 0.0832326344781793 
0 0.2638740539550781 0.6469648601463338 0.14549788278550957 0.13565434159227385 
0 0.5425675741991206 0.7004766390685251 0.19394795020021988 0.16613879363150696 
0 0.10910703309217291 0.5490542806512593 0.19752229997261087 0.15421289282163797 
0 0.33250703284488853 0.5920895966282235 0.16128125981469854 0.11377239472455414 
0 0.597670128597087 0.6171150501712123 0.14163928774733048 0.11231998551474143 
0 0.36980694143017334 0.5213294139558062 0.15484943102352583 0.1125611057624718 
0 0.11468852824302175 0.3546863742230178 0.2293770564860435 0.2165122927001325 
0 0.3564645297563256 0.37072102759981534 0.22478364340624016 0.21668782761286953 
0 0.10228304647321079 0.16337758042205575 0.20456609294642158 0.20726621181615523 
0 0.6143034355125236 0.9550617078276098 0.11592907162766952 0.0661872701963605 
