0 0.6908298264864532 0.3051523701620447 0.2580699484894704 0.11566063651253033 
0 0.8056783519048405 0.3827111856056653 0.15648148606101386 0.10534675728305448 
0 0.2074409491755266 0.46085904178146186 0.09828104699955603 0.07511347632783355 
0 0.9526456023902508 0.4507297883501168 0.09470879521949849 0.2805294800617517 
0 0.1680041449141187 0.6129824823405083 0.20953228270639543 0.17338168714451252 
0 0.5636763989075124 0.6905588814466318 0.4042983680211484 0.2674801366014896 
0 0.8547113894111784 0.730555935202499 0.29057722117764306 0.4423589189100994 
0 0.22895737977068198 0.9021966816883596 0.19734455258425124 0.1956066366232807 
0 0.8577638365339102 0.9393238846408994 0.23352015971957496 0.12135223071820112 
0 0.6610716125319154 0.16968159954805218 0.18970887950430904 0.0736389883500756 
0 0.536651124159409 0.24944837865089498 0.15070587677682618 0.062435894896677085 
0 0.8677302813433357 0.23159501872607585 0.13825138152344274 0.07068498887072308 
