0 0.7114514994388945 0.2913977774638034 0.28304793031947406 0.2206312572986252 
0 0.3455772162748961 0.12229451684925202 0.4617754851298286 0.24458903369850404 
0 0.7984634272270574 0.016405328452392842 0.33836927583651855 0.032810656904785684 
0 0.9259976903834327 0.13520992557368683 0.14800461923313457 0.15070501518149015 
0 0.414139149847791 0.47761583462968427 0.40015970073682244 0.19939038778958884 
0 0.759036362706835 0.5156883271116908 0.1584471141240894 0.0814738993919325 
0 0.9311494108343336 0.4450086440561709 0.13770117833133289 0.11339119376523987 
0 0.726861741476835 0.7189706845685071 0.15654890844107305 0.06719824016499676 
0 0.5741257011021739 0.6389150328866066 0.19319062641728763 0.08257606574463305 
0 0.3224949723442434 0.7145264694744027 0.19849801229923109 0.08779881120568145 
0 0.6984196372218501 0.7989371209584066 0.13393114242767223 0.05321299174156968 
0 0.4523582551068094 0.7739518116849515 0.24960280188237888 0.09052565090729292 
0 0.8624196412884495 0.8212230044598634 0.18447406033641722 0.08640623404947201 
0 0.6497274873054837 0.5663191034281401 0.14018763115112365 0.06557356681608584 
