0 0.442606155683298 0.34839976471497747 0.08827995186655535 0.07296861320551407 
0 0.15169344542136376 0.42778583570314144 0.1321403000804824 0.08856940681850878 
0 0.7151632376307732 0.634252019919787 0.10249029461727477 0.08916098941089201 
0 0.032038641881105875 0.4937545086189389 0.06407728376221175 0.11210552333835061 
0 0.3336101960317846 0.602021229880671 0.229160333727646 0.18254694097848922 
0 0.09468011862566944 0.592754428090633 0.14573598285031758 0.1212499505254565 
0 0.759140669244731 0.8915423218809402 0.06655257298133188 0.08811275032647503 
0 0.10529863868889765 0.7242965137568244 0.2105972773777953 0.22869979431056087 
0 0.4827147922950349 0.880259474519989 0.14860021321733496 0.10118634837409468 
0 0.1823919357294248 0.8855719349812959 0.26857067139582624 0.22885613003740812 
0 0.5133965325151402 0.1921993756204793 0.1329577552831066 0.09502577324439743 
0 0.7456610055761314 0.2928810587739847 0.1324967602974434 0.10739189887057474 
