0 0.6724483278062607 0.4126382401300004 0.12134056091308587 0.10724900454209535 
0 0.38361216651068786 0.32073799339500636 0.10705477396647128 0.10783020694367129 
0 0.3197423564063178 0.3852796437406423 0.46516489452785914 0.3387431301707424 
0 0.6267899195353189 0.5281611262141047 0.14811575147840705 0.11924477467080008 
0 0.07017509672376844 0.4349134196813335 0.14035019344753688 0.25521972431304707 
0 0.12218983703189425 0.4919145101411337 0.14559525913662377 0.10872322101264975 
0 0.5295591990152995 0.6452954453976794 0.2092764960394965 0.2086745878402373 
0 0.250042364332411 0.5901814303761326 0.24144545661078556 0.2038236050992399 
0 0.8488449944390191 0.8260150131488022 0.23552771674262152 0.25079975549946243 
0 0.30010004043579097 0.7740829242828144 0.3363860872056749 0.36362170470141664 
0 0.7251503414577908 0.8552706856692452 0.3444345262315538 0.2894586286615095 
0 0.24870614475674097 0.8807866801793804 0.1538752555847168 0.1877122733751152 
