0 0.5865384615384616 0.24519230769230768 0.04807692307692308 0.038461538461538464
0 0.4074519230769231 0.2824519230769231 0.036057692307692304 0.026442307692307692
0 0.5348557692307693 0.30288461538461536 0.06009615384615385 0.038461538461538464
0 0.6670673076923077 0.3125 0.09134615384615384 0.05048076923076923
0 0.6177884615384616 0.36177884615384615 0.06009615384615385 0.03125
0 0.6754807692307693 0.38341346153846156 0.03125 0.02403846153846154
0 0.6322115384615384 0.39783653846153844 0.03125 0.021634615384615384
0 0.7391826923076923 0.4375 0.052884615384615384 0.04807692307692308
0 0.3701923076923077 0.44350961538461536 0.057692307692307696 0.055288461538461536
0 0.06009615384615385 0.46033653846153844 0.11538461538461539 0.07932692307692307
0 0.6706730769230769 0.46634615384615385 0.02403846153846154 0.021634615384615384
0 0.6189903846153846 0.5336538461538461 0.04807692307692308 0.04326923076923077
0 0.7752403846153846 0.546875 0.1466346153846154 0.14903846153846154
0 0.4963942307692308 0.5757211538461539 0.0985576923076923 0.0673076923076923
0 0.39903846153846156 0.6526442307692307 0.15865384615384615 0.10817307692307693
0 0.6778846153846154 0.6646634615384616 0.20432692307692307 0.11057692307692307
0 0.7019230769230769 0.859375 0.17307692307692307 0.21153846153846154