0 0.18814940467883118 0.3319880737281923 0.08535054816378518 0.06787887568366907 
0 0.31776661950596646 0.3253817978112813 0.08347463799170118 0.08786972280296063 
0 0.5201535015399692 0.3353454028464082 0.1138593279263308 0.08003755382514144 
0 0.20398940792253306 0.38857673159280076 0.10602722186640556 0.09263046212781978 
0 0.25280822745417575 0.44373027754010086 0.1634727007630694 0.10352879660913056 
0 0.7638729000743643 0.4181312873714129 0.24746315368826877 0.16227807698083135 
0 0.4356321819954516 0.5198437338382761 0.22933087933896745 0.18718852241986922 
0 0.30495323392967943 0.7779481109955216 0.25212403302333586 0.27502116254884257 
0 0.6899709417240203 0.7349902090498276 0.48299079872474115 0.4399364390214282 
0 0.13996668498551862 0.26441901981009497 0.10602722186640567 0.09263046212781972 
