0 0.4472549614089225 0.5736380160334283 0.29036650206426834 0.24868013520023458 
0 0.3419695120028523 0.49366948432001934 0.1435757805319393 0.18185048448496155 
0 0.19247326765523848 0.6206298705400156 0.09420047574640847 0.08761641678797338 
0 0.2685008036815907 0.7569228471444056 0.25487233427784334 0.29855350770515665 
0 0.4838278007019512 0.8333109224130257 0.4756122989117948 0.3270964430739989 
0 0.8216629028320312 0.5952502089595029 0.3566741943359375 0.4662192091545535 
0 0.9038525359404972 0.8607559408642971 0.11049189652933189 0.1673426078407757 
0 0.9584523076596467 0.2656254499910984 0.08309538468070643 0.09456734746774464 
0 0.8701687395725106 0.40486970344113926 0.19510137455542675 0.22143507642976085 
0 0.7791392138546995 0.34269269477905606 0.229342955762468 0.1618214420594734 
