0 0.2435193256456025 0.3083540567077032 0.08720353184914104 0.09055594642563619 
0 0.4635477649922274 0.22594850370199376 0.2851484649035396 0.2531882937591855 
0 0.2146316061214525 0.4496361571963471 0.0881209081533004 0.11407844618995583 
0 0.11885757105691093 0.5072120439888227 0.08077393259320939 0.08173702730990873 
0 0.6091341875037369 0.2975901046601853 0.1969645363943917 0.1850911886385172 
0 0.8162776012809909 0.2532357957103465 0.2758685520717076 0.3663536534451022 
0 0.039792469569614956 0.5963343629742612 0.07958493913922991 0.10773045001643722 
0 0.44853588026397084 0.45035239493492807 0.11077803008410397 0.11713137485013148 
0 0.33752695395022025 0.5010068345778059 0.09618321243597533 0.08699900561039992 
0 0.10407244429296378 0.8316856610893023 0.20814488858592756 0.3366286778213954 
0 0.44175005932243505 0.7913339067213606 0.519958612870197 0.4173321865572788 
0 0.7846912072629345 0.6910389437533841 0.430617585474131 0.589890206214225 
0 0.4109282201650192 0.07964245635684174 0.2164449886399873 0.15928491271368347 
0 0.39767444377042815 0.12551294931090706 0.11095327260542892 0.08945161989419767 
0 0.30085930532338667 0.20446000240816925 0.13976807496985616 0.1183146297341526 
0 0.6193137460825395 0.0650717810829087 0.1519780450937699 0.1301435621658174 
