0 0.4750041258396426 0.6349666315621614 0.11190856423864126 0.0654168879169238 
0 0.781038057835747 0.5765905297898357 0.3688905088836073 0.1676652677805618 
0 0.47272817486555746 0.5371998398179392 0.13565526649384674 0.06784911233128743 
0 0.961172878836322 0.48632843318164365 0.07765424232735607 0.1457520913992545 
0 0.5166490449643364 0.4331784241721781 0.17084498826431938 0.12369919915499805 
0 0.7699287968539161 0.425429032288301 0.17450850715430688 0.11040262518274746 
0 0.12786022755709336 0.3519756221892963 0.23085176430489152 0.14644679096028923 
0 0.6615789071101501 0.3122811799133532 0.23237457916509108 0.20421965585360458 
0 0.21262057005372337 0.25164885646914953 0.2886847510508188 0.28469379924814253 
0 0.6662079336199195 0.22901549602254612 0.09830829806115715 0.10528345318164067 
