0 0.18870192307692307 0.4795673076923077 0.040865384615384616 0.036057692307692304
0 0.41346153846153844 0.49158653846153844 0.07932692307692307 0.052884615384615384
0 0.3161057692307692 0.5096153846153846 0.07451923076923077 0.08173076923076923
0 0.45072115384615385 0.5961538461538461 0.0985576923076923 0.08653846153846154
0 0.5661057692307693 0.6009615384615384 0.08173076923076923 0.052884615384615384
0 0.6814903846153846 0.6009615384615384 0.08173076923076923 0.040865384615384616
0 0.25721153846153844 0.6105769230769231 0.13221153846153846 0.0985576923076923
0 0.7644230769230769 0.7427884615384616 0.10096153846153846 0.0625
0 0.4855769230769231 0.7608173076923077 0.07211538461538461 0.0625
0 0.8617788461538461 0.8016826923076923 0.10817307692307693 0.05048076923076923
0 0.38341346153846156 0.8245192307692307 0.1466346153846154 0.11057692307692307