0 0.5997596153846154 0.3713942307692308 0.11778846153846154 0.040865384615384616
0 0.7295673076923077 0.39302884615384615 0.13942307692307693 0.06971153846153846
0 0.6382211538461539 0.41225961538461536 0.08653846153846154 0.040865384615384616
0 0.7920673076923077 0.44471153846153844 0.07692307692307693 0.057692307692307696
0 0.6658653846153846 0.44711538461538464 0.1201923076923077 0.040865384615384616
0 0.5564903846153846 0.453125 0.0625 0.040865384615384616
0 0.6213942307692307 0.4735576923076923 0.11057692307692307 0.05048076923076923
0 0.43990384615384615 0.5144230769230769 0.14182692307692307 0.0673076923076923
0 0.6694711538461539 0.515625 0.0889423076923077 0.036057692307692304
0 0.5276442307692307 0.5913461538461539 0.1658653846153846 0.08413461538461539
0 0.3858173076923077 0.6682692307692307 0.22115384615384615 0.16826923076923078
0 0.13341346153846154 0.7367788461538461 0.2668269230769231 0.18269230769230768
0 0.390625 0.8317307692307693 0.40384615384615385 0.19471153846153846
0 0.7139423076923077 0.8617788461538461 0.09615384615384616 0.0673076923076923