0 0.2548076923076923 0.5204326923076923 0.09375 0.05048076923076923
0 0.6947115384615384 0.5264423076923077 0.16346153846153846 0.06971153846153846
0 0.5168269230769231 0.5709134615384616 0.14423076923076922 0.08173076923076923
0 0.12860576923076922 0.5733173076923077 0.0625 0.04807692307692308
0 0.37740384615384615 0.5877403846153846 0.09615384615384616 0.052884615384615384
0 0.8341346153846154 0.5973557692307693 0.11778846153846154 0.07932692307692307
0 0.109375 0.6358173076923077 0.057692307692307696 0.055288461538461536
0 0.8557692307692307 0.6730769230769231 0.07211538461538461 0.08413461538461539
0 0.7788461538461539 0.7067307692307693 0.07211538461538461 0.04326923076923077
0 0.44591346153846156 0.7175480769230769 0.2283653846153846 0.13701923076923078
0 0.6875 0.8149038461538461 0.24278846153846154 0.20192307692307693
0 0.2536057692307692 0.8701923076923077 0.23076923076923078 0.13221153846153846
0 0.4831730769230769 0.8918269230769231 0.20432692307692307 0.10817307692307693
0 0.057692307692307696 0.9086538461538461 0.11538461538461539 0.11538461538461539