0 0.502744157184926 0.8557839334159718 0.20433746259033836 0.15634840206612377 
0 0.9551619891972505 0.9041284194908237 0.08967602160549903 0.06685853420647592 
0 0.6592920584272045 0.9443525281035692 0.20294962249676995 0.057762241125701386 
0 0.36072152899217236 0.4931436096343613 0.19464929467331843 0.08264681466499763 
0 0.04624300717691427 0.54440151604631 0.09248601435382854 0.06751401525483158 
0 0.16475248706433201 0.5562701522560785 0.1434804635454518 0.08080826376441708 
0 0.8308987876241521 0.5080704344181051 0.11472574869791674 0.07058255393011609 
0 0.48755598437878517 0.5944580496695273 0.12278053618832774 0.07692366526311167 
0 0.3123304480422067 0.6447639750720855 0.3128364227846919 0.1596629459067177 
0 0.6529305036677872 0.7013136942190422 0.3223530377528465 0.16989090079975844 
