0 0.3580527039110376 0.14757661197935712 0.16638846552973774 0.09656407017148846 
0 0.8265976833433606 0.3054361234616405 0.10889934287424086 0.05991443362808874 
0 0.3976656699402654 0.26078930252422317 0.21343528883755902 0.13821928335356973 
0 0.9033870085080107 0.3669168497213701 0.10577794831859477 0.07425216823092273 
0 0.4721184884014479 0.3535524373115714 0.17743537738759746 0.09373818365196573 
0 0.22991317114215265 0.36722671272182694 0.2436185165300322 0.1020190497334566 
0 0.5532712104770212 0.4358771696187646 0.1229693172830229 0.06798699770435934 
0 0.7552443287150639 0.47580784986904534 0.21031389428191283 0.1525570179564037 
0 0.9122376014285687 0.5270256767409939 0.10695439600405565 0.0870236102021158 
0 0.3371716415869143 0.46973285521969677 0.2747159732287022 0.14588675194754264 
0 0.7325166515254793 0.7954777042464674 0.5207201624645643 0.26503662389050975 
