0 0.6016855835914612 0.7650636849196061 0.31817885239919025 0.18636592574741528 
0 0.34750186900297797 0.6174904574518618 0.5026662449042001 0.42208476688550867 
0 0.786074141661326 0.6166568217070206 0.312164028485616 0.18698049628216284 
0 0.8294679323832194 0.4736977452817171 0.3178903261820476 0.20244930101477576 
0 0.8427277406056721 0.25452085163282323 0.31454451878865564 0.352622363878333 
0 0.1884682575861613 0.2042481173639713 0.3769365151723226 0.3409789126852283 
0 0.5783502260843912 0.9824513702288917 0.1731727123260498 0.03509725954221643 
0 0.21435081462065378 0.9647767725198165 0.1961623926957448 0.07044645496036694 
0 0.4208159546057383 0.9555402061213618 0.20567280054092407 0.08891958775727649 
0 0.5380202730496724 0.8837696883989417 0.18005685011545813 0.08910311823305872 
