0 0.28846153846153844 0.4423076923076923 0.1322115384615385 0.1490384615384615 
0 0.9362980769230769 0.49278846153846156 0.12740384615384615 0.06730769230769229 
0 0.7415865384615383 0.4939903846153846 0.22596153846153844 0.09374999999999994 
0 0.13581730769230765 0.5024038461538461 0.12019230769230768 0.05528846153846151 
0 0.40625 0.5432692307692307 0.3341346153846154 0.0961538461538462 
0 0.8269230769230769 0.5853365384615384 0.15384615384615385 0.10336538461538458 
0 0.2091346153846154 0.65625 0.27163461538461536 0.1923076923076923 
0 0.8004807692307693 0.7163461538461539 0.38942307692307687 0.2451923076923077 
0 0.43028846153846156 0.7920673076923077 0.4903846153846154 0.14182692307692302 
0 0.8533653846153846 0.9495192307692306 0.11778846153846156 0.10096153846153844 
