0 0.3517284053579238 0.336370499579461 0.109188633110687 0.2175900595528739 
0 0.9132459412397622 0.365548469208099 0.09784859616034502 0.1589225727123218 
0 0.267645624757723 0.4911219628302605 0.13757234917948868 0.14769623305771373 
0 0.14468821071789767 0.5072791759784405 0.10182794663135636 0.17311745947533919 
0 0.04533441558139014 0.5295271821074433 0.09066883116278028 0.17972723992316286 
0 0.5017058976733958 0.5351261935391268 0.1306763860105558 0.15874020083919982 
0 0.3909797571390943 0.5861124730372167 0.10185416418177473 0.18383780678549966 
0 0.020408574558093043 0.7021820571396377 0.040817149116186086 0.20817750364869503 
0 0.7812972517717278 0.8471146887475317 0.09641900681357352 0.2234120630955958 
0 0.6327769155720717 0.9013196085835551 0.11464689220787616 0.19736078283288983 
0 0.7378170799663049 0.9474366995004507 0.09128180350966131 0.10512660099909854 
