0 0.38822115384615385 0.828125 0.14663461538461542 0.07211538461538458 
0 0.5829326923076923 0.8052884615384615 0.11057692307692302 0.07451923076923073 
0 0.6790865384615385 0.7259615384615384 0.15865384615384615 0.06490384615384603 
0 0.6634615384615383 0.6165865384615385 0.16346153846153844 0.11298076923076927 
0 0.41586538461538464 0.4975961538461539 0.3028846153846153 0.2716346153846153 
0 0.8509615384615384 0.4735576923076923 0.1826923076923077 0.09855769230769229 
0 0.8473557692307692 0.3629807692307693 0.19951923076923073 0.10336538461538458 
0 0.546875 0.9278846153846154 0.1274038461538462 0.04807692307692302 
0 0.7872596153846154 0.21754807692307693 0.16826923076923084 0.16346153846153844 
0 0.15384615384615385 0.19350961538461542 0.3076923076923077 0.22836538461538458 
0 0.669471153846154 0.9038461538461539 0.11778846153846156 0.05769230769230771 
0 0.44110576923076916 0.9002403846153846 0.11538461538461536 0.0576923076923076 
0 0.5805288461538463 0.8665865384615385 0.14903846153846156 0.055288461538461564 
