0 0.8598758037705341 0.45137954508368267 0.09758715049743405 0.07662913566899154 
0 0.7532934475189117 0.44705276495571233 0.11368917931561395 0.05953425815570257 
0 0.7438893687758967 0.36241703480434306 0.10315913815736844 0.07911429384551494 
0 0.4430819003015665 0.3431964144589068 0.13960665857916654 0.07440413043452021 
0 0.6053853825092965 0.2625314656726996 0.1315814329862719 0.09399785838444097 
0 0.20819534175811394 0.16160527180592843 0.14134530579925442 0.10387002978999504 
0 0.9220815529544069 0.10858858132931587 0.15583689409118628 0.0794429080881075 
0 0.7150141194663694 0.047852043383080356 0.2529888708139689 0.09570408676616071 
0 0.7523787930603052 0.18317755727529422 0.21168395344510926 0.0723434323213451 
0 0.5794200736836502 0.11907347489124476 0.19108307239306987 0.06977612058417337 
0 0.41223715378296005 0.08439421508234607 0.18198471137410077 0.10654687960803078 
