0 0.48753200330900204 0.7226644028157236 0.13520881110106736 0.05846112606352838 
0 0.15982159373770533 0.5593856641578008 0.1219118496823525 0.11095401994454157 
0 0.2775871828629684 0.5694236205294071 0.1165260010812599 0.060786682743009024 
0 0.3339137240619799 0.462493822311094 0.115481886451271 0.10017111079670593 
0 0.7059370049532316 0.5081302597903321 0.12877884786998584 0.04767821691569274 
0 0.7750821537516188 0.44685749778951817 0.12869144087867557 0.062489959351029634 
0 0.17476021092837377 0.334425254483166 0.13759581093202733 0.135385893187974 
0 0.31357495047301065 0.30483804895280936 0.09493174928262993 0.07505792691006541 
0 0.8171137070304499 0.31986531493687836 0.09406244863526192 0.08481887009308864 
0 0.23329893797572443 0.11685934041048424 0.18995090555657015 0.13530411138479426 
0 0.5325433282950218 0.06793389236301084 0.2704589410649221 0.13586778472602168 
