0 0.051682692307692304 0.25 0.10336538461538461 0.06490384615384616
0 0.7223557692307693 0.3713942307692308 0.04807692307692308 0.02403846153846154
0 0.7872596153846154 0.37259615384615385 0.03365384615384615 0.02403846153846154
0 0.8028846153846154 0.41346153846153844 0.02403846153846154 0.01201923076923077
0 0.5324519230769231 0.41466346153846156 0.04567307692307692 0.026442307692307692
0 0.3329326923076923 0.4230769230769231 0.05048076923076923 0.03365384615384615
0 0.9158653846153846 0.4362980769230769 0.04326923076923077 0.038461538461538464
0 0.34975961538461536 0.4543269230769231 0.0889423076923077 0.036057692307692304
0 0.8581730769230769 0.4579326923076923 0.028846153846153848 0.021634615384615384
0 0.9615384615384616 0.5456730769230769 0.07451923076923077 0.052884615384615384
0 0.6887019230769231 0.5697115384615384 0.04326923076923077 0.03125
0 0.7379807692307693 0.6225961538461539 0.04326923076923077 0.026442307692307692
0 0.3245192307692308 0.6237980769230769 0.05048076923076923 0.038461538461538464
0 0.8701923076923077 0.6538461538461539 0.06009615384615385 0.06971153846153846
0 0.6478365384615384 0.6887019230769231 0.07451923076923077 0.057692307692307696
0 0.28966346153846156 0.7211538461538461 0.09615384615384616 0.052884615384615384
0 0.44350961538461536 0.7896634615384616 0.20192307692307693 0.15625