0 0.3221153846153847 0.11778846153846154 0.12980769230769235 0.04567307692307693 
0 0.5901442307692307 0.12379807692307694 0.11538461538461542 0.050480769230769246 
0 0.3545673076923077 0.17427884615384615 0.14182692307692307 0.04807692307692307 
0 0.6959134615384615 0.18509615384615385 0.18509615384615385 0.060096153846153855 
0 0.1466346153846154 0.2548076923076923 0.18509615384615385 0.043269230769230754 
0 0.45072115384615385 0.2764423076923077 0.38942307692307687 0.12740384615384615 
0 0.7692307692307694 0.30048076923076916 0.11778846153846156 0.05048076923076922 
0 0.6201923076923077 0.37259615384615385 0.23076923076923084 0.10096153846153849 
0 0.12980769230769235 0.40985576923076916 0.25721153846153844 0.17788461538461536 
0 0.35697115384615385 0.5324519230769231 0.10096153846153849 0.08173076923076922 
0 0.5132211538461539 0.6177884615384616 0.28125 0.1875 
0 0.09975961538461539 0.6298076923076923 0.19951923076923078 0.1923076923076923 
0 0.47475961538461536 0.8822115384615384 0.4783653846153847 0.23557692307692313 
