0 0.5941532545861999 0.31409816282240766 0.1972917655109227 0.1588060265860483 
0 0.8840991536289482 0.44968945293964313 0.09390925903812541 0.08840371759082394 
0 0.10716255462510774 0.3785120029558027 0.13642369578379931 0.33284394492747577 
0 0.8133515822880151 0.6478143061190771 0.09357628154315878 0.06902244101629573 
0 0.37680808417160705 0.5967907533334844 0.11152753529913123 0.10162419209476825 
0 0.4900571724578649 0.6254424253723676 0.09519723972391592 0.0842884155713356 
0 0.726299371390433 0.6794928849174762 0.12017018468215102 0.09854379105947642 
0 0.81307896167687 0.7414119401069987 0.09893677664211609 0.08051808054657916 
0 0.2554743239428371 0.6721974538286102 0.07978170941697676 0.08856405012954138 
0 0.42149407379548876 0.712898668765821 0.09087591503240605 0.08582861608898151 
0 0.6102639036910349 0.7394611273601956 0.1377884609431569 0.11176426556342045 
0 0.4802051725483857 0.7801161085390973 0.16101604258146307 0.11932923753023039 
0 0.36402518074854207 0.8065400161471554 0.11186051279409798 0.12100546866929662 
0 0.2510249027406274 0.7964193541546185 0.06985107934816645 0.09575975318432184 
0 0.07725064504706874 0.8077691821811186 0.1545012900941375 0.18556764067137166 
