0 0.9096986821969906 0.24457160479551585 0.1803444004933623 0.08835990178920378 
0 0.5621113883179797 0.23890266341856178 0.11185224352151679 0.08748726602232343 
0 0.7578306526352514 0.3200816270124066 0.16055772256658007 0.07138482078297625 
0 0.7193088924115808 0.40865246576259323 0.25593355557948083 0.17932796960270514 
0 0.9302147399686044 0.45457718433183447 0.11407345201867991 0.09009879110742919 
0 0.49227602282263017 0.393411907295541 0.09376722015880185 0.12491755801379462 
0 0.27870653658178546 0.3633734904604117 0.2832936948984749 0.3016319870949092 
0 0.9751719729862102 0.636946110828429 0.049656054027579666 0.1814988100253203 
0 0.722237935425997 0.5921076522356975 0.3126208931121319 0.28161175036878244 
0 0.4362715442798259 0.7292004586317974 0.26291939685603405 0.33427453908136706 
