0 0.6732405674507358 0.39354509080420746 0.12022251527777172 0.05920497422530924 
0 0.8012444721145433 0.425820346927049 0.15176784883389927 0.08787246821374939 
0 0.7397290511001486 0.4714672122871119 0.12390919933639899 0.07144097946599126 
0 0.5189040683086396 0.5136018606554262 0.16055576612166989 0.081351487448026 
0 0.6113780709894112 0.6126001183453703 0.1846681546868868 0.10707227111434703 
0 0.4730227576831757 0.6716520846334519 0.22203238185242374 0.14574264469846843 
0 0.2627992457719226 0.7241464049360067 0.32027471811576114 0.17699370961245553 
0 0.6005694499995532 0.8211107307250002 0.25997434406089853 0.16771076175190558 
0 0.8355738197776406 0.8888787210757281 0.147443852858678 0.1138640196629962 
0 0.4115087056169763 0.8608306837500277 0.19379549952296998 0.16995023445491952 
