0 0.6594515719022604 0.2445286775048919 0.11043704795401232 0.06683858427740658 
0 0.8203956451176746 0.22565328902784282 0.10150988030652708 0.060138872556862094 
0 0.7858377370000827 0.26404035686279625 0.11154072668207538 0.06231926548769734 
0 0.7541385486928338 0.3031484307206455 0.11113906438692445 0.06937079278861547 
0 0.5061700995341617 0.4684684386501452 0.15928141445450206 0.17501991909864495 
0 0.7729898990568644 0.4238941667717612 0.20020812454699732 0.1696384362201503 
0 0.40836220670374845 0.6239690705441625 0.08696301086133684 0.0926710178979081 
0 0.6595838972990973 0.585470145689595 0.15817773572643912 0.17953923788835408 
0 0.5413686590027444 0.6433841085758993 0.15145792553507997 0.16380088858839137 
0 0.5183397976150974 0.8000813452769273 0.1254797471829261 0.1295986988249218 
0 0.2431899683860228 0.9074689982286269 0.22387763728563526 0.18506200354274616 
