0 0.6890044273007613 0.35598153663692333 0.137450589478471 0.053414437538965076 
0 0.8220186112187897 0.37582094948785266 0.17248954481750955 0.07990852793553227 
0 0.7384383029306814 0.4275875900154399 0.14102716421656325 0.06507827872944594 
0 0.47459320378970854 0.49283436230590516 0.185813729089635 0.07421475455647997 
0 0.5489862262444338 0.5809821606871494 0.21120757668376272 0.0978290814711269 
0 0.373138534507072 0.6546096421239382 0.25985308154545367 0.1348938216592307 
0 0.1531118630756252 0.7307218708599594 0.3062237261512504 0.16321226961892144 
0 0.4720292710165941 0.7839666352307707 0.29621465940208536 0.15265478576507951 
0 0.7106320912601384 0.8192762341582568 0.16423892732188294 0.10232132985407572 
0 0.24807738287151615 0.8449883211283316 0.23170865279724273 0.1572837163682591 
