0 0.9249085332306338 0.32807823919480844 0.15018293353873235 0.08643282376802885 
0 0.5102051425987566 0.368641363479955 0.17613117056833183 0.09071512908556917 
0 0.7600120866802377 0.44283103469583585 0.24379934391505276 0.07095185462061876 
0 0.6929382109306228 0.5582598740646324 0.4189682221748459 0.20297127621937028 
0 0.9386521460304798 0.594835929775948 0.1226957079390405 0.10994926812335215 
0 0.3907760512660926 0.5569228368716559 0.1689352331027179 0.1421671978593168 
0 0.18169665269448723 0.546451899904767 0.36339330538897446 0.3220887669262755 
0 0.9605261574328785 0.8279557902523069 0.07894768513424288 0.24845465951167023 
0 0.6647592893788512 0.7863160126262504 0.5453636491802377 0.3498198554178622 
0 0.2623008499682789 0.8741077584013454 0.44024093251832774 0.2517844831973093 
