0 0.7538369662836242 0.8081060510492803 0.10535389471584611 0.09009984453078734 
0 0.4471411339052999 0.7459736347184105 0.11140872387873257 0.05895866501714364 
0 0.6221087622880819 0.7626109829723257 0.17778482553219854 0.09519351211615357 
0 0.32465978213972413 0.6738990016735095 0.0973347436655258 0.08474810767885255 
0 0.521652641163281 0.692775029795097 0.14693592251056353 0.09659463743690144 
0 0.8849736113657063 0.7193837713583526 0.14051278299378334 0.12089339513199926 
0 0.13653894942847025 0.6112056669865713 0.10684016725896163 0.06983595317722857 
0 0.3987964634800414 0.6034626551527917 0.15050928705907746 0.11510446972176969 
0 0.7076407729227467 0.6256809442088105 0.20072431649393807 0.13835503584406184 
0 0.09481460482447875 0.5393128056511522 0.10559943495177551 0.0946614590764846 
0 0.24016103136527192 0.5254199774059346 0.20788407671850612 0.127741121786056 
0 0.4892848877796809 0.5438614693869825 0.16988844459984287 0.09212258253706762 
0 0.7864622654370297 0.5408144115676952 0.14669038227463405 0.0920330228912043 
0 0.546517360629835 0.47285359483917494 0.16211483378545177 0.09133246023083041 
0 0.263061428944392 0.3419914588155906 0.28536161349894795 0.17871430893047402 
0 0.5619027187580331 0.3322336662287969 0.22884621466527166 0.18204330777612832 
0 0.2896030916947784 0.16351961592406267 0.2566128336102513 0.1712555792619065 
0 0.7391686821719043 0.8628006457747159 0.1238736614308592 0.05115230643614466 
