0 0.8074502285754204 0.3884102103187046 0.09122922556080271 0.07872610643777395 
0 0.6209950034955327 0.6074983773177984 0.08591429085045821 0.08655592499199771 
0 0.9178294549911004 0.5286471617262186 0.09587966449423824 0.07449556428010612 
0 0.8036777038892524 0.6034711800257073 0.10805864872114357 0.0783901390706605 
0 0.414393033895404 0.7291921211621109 0.09388617716351033 0.08529339346977438 
0 0.32537535590786826 0.7675472722796572 0.11292921090697661 0.10091236160510697 
0 0.49798313678407363 0.7556164318348426 0.11558616250968401 0.10747964863710724 
0 0.4042034109795101 0.8263982261467777 0.10429282881701474 0.10577416952388652 
0 0.8389921163750964 0.7145576184071016 0.09742877930045413 0.09404977617910804 
0 0.7029181936648191 0.7963918713295879 0.1525633616951947 0.17266890239299837 
0 0.9430236647964543 0.7486844329236158 0.11395267040709134 0.16624926455799705 
0 0.2875006438814365 0.9614827760113009 0.17027740388484203 0.07703444797739811 
0 0.5679490132362461 0.9205260833552602 0.1793560954894572 0.15894783328947948 
0 0.9315467232224657 0.8345352675560023 0.08369964876240377 0.09156538210777643 
