0 0.5136710509486342 0.4316121985898076 0.10108335638141192 0.0825205031706373 
0 0.23208291214327828 0.4254806589208142 0.10139331637139809 0.0851374059028262 
0 0.7850069974443348 0.5454866959329079 0.11214786546048894 0.0947878967168575 
0 0.6534470679809505 0.5227230547904081 0.12597850180933556 0.11012213864963288 
0 0.051245348667295104 0.4491230077213204 0.10249069733459021 0.07908648032372478 
0 0.30952701504535596 0.6508887194199287 0.09862718910162876 0.08207055751627113 
0 0.17750214559699232 0.6320504323757118 0.0795977708433373 0.0837047977457186 
0 0.2576984716144903 0.7282889820918383 0.07745156355354052 0.08587175482354137 
0 0.47068281073526386 0.8475161457776476 0.12170959986984942 0.13494132900842204 
0 0.26919479955268133 0.8854686884111835 0.117703632640135 0.12140686969311187 
