0 0.24498009932668588 0.3903421465393223 0.13562798751027966 0.07851720161145298 
0 0.7423593420731394 0.5306978542786426 0.22350467882658298 0.12096758205872354 
0 0.5190879420230263 0.5171332005649577 0.20879588880037014 0.12552566723445496 
0 0.35219511734811887 0.4897174298610834 0.13941614251387746 0.08218676476832243 
0 0.8679934451454565 0.6386046543755495 0.17418220921566607 0.11481060213445093 
0 0.8576646102102179 0.7153760514905692 0.12349668803967917 0.10386778692455234 
0 0.36690825412147926 0.6313762030638088 0.33805648402163857 0.20835860854829358 
0 0.5970026116622122 0.7971254626808265 0.3843019184313322 0.2770229642043638 
0 0.12121132298519738 0.714713777117717 0.24242264597039476 0.20714664703134988 
0 0.32508202602988795 0.8059113641529134 0.29787262364437705 0.1759358671924952 
