0 0.695098876953125 0.2963137918589066 0.3029725045868844 0.162904895081812 
0 0.7958739309599906 0.4194206704898757 0.18545516813644247 0.11845070975167415 
0 0.9457546195598564 0.45948580333164757 0.1084907608802872 0.2687294045273138 
0 0.05014489395449861 0.443821128533811 0.10028978790899722 0.0908234654640665 
0 0.5720864883576982 0.4837863299311424 0.11031780820904358 0.08366915644431605 
0 0.06995741526285808 0.6692028629536532 0.13991483052571616 0.2852097725381657 
0 0.35975912363842283 0.7853292348433515 0.519720915592078 0.34355132433832924 
0 0.784436254790335 0.7841442263856226 0.43112749041932996 0.35622553922692135 
0 0.7313692690146091 0.12760187655079122 0.24819587938713306 0.10816472890425703 
0 0.5469261901547211 0.19857992931288115 0.167869837597163 0.07721627488428232 
0 0.9332420272056503 0.21559663694732045 0.1335159455886994 0.10450555840317088 
