0 0.8930169619046725 0.3034382498994166 0.213966076190655 0.28759978742015607 
0 0.403747191795936 0.26494926335860275 0.11080771226149339 0.09939783446642816 
0 0.3249620566001305 0.3658393548459423 0.297951129766611 0.17575221159020243 
0 0.49838840044461763 0.47544290581528026 0.20453966580904454 0.18418950450663663 
0 0.8919676267183744 0.5817212863844269 0.21606474656325125 0.2923010222765865 
0 0.6552265974191519 0.6812846903898278 0.2949429291945238 0.25247519356863835 
0 0.2958782452803391 0.7009599062861229 0.13949493261483997 0.1604050227573941 
0 0.7570036741403433 0.05003113649329361 0.22255538060114932 0.10006227298658722 
0 0.6907991629380446 0.9137353313212493 0.2435563160822941 0.17252933735750153 
0 0.044319634254162125 0.9349373797981106 0.08863926850832425 0.1301252404037787 
