0 0.48326720818330726 0.03408741375716059 0.13342758962169543 0.06817482751432118 
0 0.7426222449118468 0.10463344635337032 0.13115611927433535 0.09207764387769929 
0 0.5014368817392363 0.0978661222687995 0.14718236200383938 0.09408904272493665 
0 0.6946968507650138 0.1589942655998005 0.10613625673326721 0.08649414921573917 
0 0.8393765475172869 0.208324483508399 0.21155225385372112 0.12894134930567194 
0 0.2888763446388152 0.13240234078414959 0.17941774774005773 0.0995333111637719 
0 0.9313101920055585 0.0379292847084296 0.11798103164635543 0.07339619623432211 
0 0.5777026971569854 0.24749643872953936 0.4176548815589662 0.2691366793962331 
0 0.8927288102054363 0.3718365318973327 0.1428492016780637 0.10307232240569492 
0 0.7234355488149928 0.4140391515982375 0.2692770736433182 0.20403625242831558 
0 0.23519541173809025 0.3072207095476003 0.28129115023065027 0.28625020904131937 
0 0.4201318232529321 0.5212265710089227 0.11935906072117597 0.13724319417099534 
0 0.5611145280684119 0.6879915948208153 0.3408322882244232 0.35276528529762896 
0 0.1509965812664452 0.5560940903569035 0.23634262364767583 0.30489596860338475 
0 0.9002579220349749 0.08425064444861527 0.11087618130634935 0.07526236628719055 
0 0.46049212243562804 0.8793948994245351 0.558931308737011 0.24121020115092995 
