0 0.9350178397368684 0.5073163720463773 0.12996432052626328 0.10217936796159566 
0 0.6539449053744106 0.04320172982440798 0.24990163664202347 0.08640345964881596 
0 0.8918820608442566 0.5834514298722306 0.13865465149681977 0.0985897348424356 
0 0.5870350133341323 0.6110243608955485 0.1626068702434964 0.0904886768234534 
0 0.11162004462542718 0.5298402055581706 0.22324008925085437 0.30405476801788334 
0 0.7955251823179179 0.6716507354698007 0.23602840622003007 0.1524153132909819 
0 0.45360235960627837 0.6842295596126331 0.11659300061857847 0.08558932264159036 
0 0.8330259287941746 0.14313469759958508 0.1987373615107938 0.10200468944808147 
0 0.5045135243077485 0.14701582936325525 0.2856802270565114 0.2074439874179681 
0 0.7648455574075057 0.3772880504313798 0.26074995847451987 0.16165141385915316 
