0 0.7315899548609612 0.05576942724192862 0.1244721386314096 0.08259861863504243 
0 0.4312556777869798 0.16988152531501188 0.14862907789030122 0.12099418740260007 
0 0.10084396699515495 0.3074107232682035 0.14655230190213872 0.09088152787816806 
0 0.2970324036824769 0.24918685873036622 0.2304357665678414 0.14454626849317176 
0 0.02786081271935563 0.41599135511503443 0.05572162543871126 0.11781955829129753 
0 0.20684496737316824 0.3488423605290611 0.2002031842647995 0.14097084586075914 
0 0.6130522627856849 0.23651306272491696 0.19611105734472112 0.16265831093775632 
0 0.10182716833293767 0.4769530008471231 0.20365433666587535 0.16505023625891974 
0 0.4460716985207236 0.37954794015158505 0.2714863771891726 0.1992080568328617 
0 0.040375659478962087 0.6017294655947547 0.08075131895792417 0.1933144396684301 
0 0.22424176253007921 0.5215218811836142 0.22436900692091466 0.14424782099686267 
0 0.5689499997302314 0.453894847959984 0.19341307582117573 0.13636147005977284 
0 0.3176355414627665 0.5868726515081611 0.2146616772393495 0.14226566024339737 
0 0.17760572380782488 0.11066468556722005 0.11591529846191405 0.06921062819913928 
0 0.4729656619920256 0.030671602784805095 0.11231493027829337 0.06134320556961019 
0 0.11465309733185321 0.8059502148565658 0.22930619466370641 0.27794569120632384 
0 0.3878267298745845 0.7418061504213829 0.32586629878091544 0.26470098220144356 
0 0.15526646145140927 0.9352580393393208 0.31053292290281853 0.12948392132135822 
0 0.39428425362096964 0.11402482811234443 0.15225116455752546 0.0825067304876533 
