0 0.07840930006931686 0.4965283873850318 0.15570813534620095 0.09081414830553353 
0 0.4935770958103263 0.04700437919420104 0.2359525222952804 0.09400875838840209 
0 0.12207471718260676 0.582130516487013 0.12511471491771686 0.09103868943647131 
0 0.4196168007552332 0.6490215728572646 0.15372703730217185 0.07827153910565754 
0 0.9149434716679941 0.6297984233104171 0.17011305666401177 0.30363827274871685 
0 0.19731760293482328 0.6844382695035431 0.21727169337725888 0.13749990853187077 
0 0.5353878508081533 0.740729170937857 0.10445928876723831 0.07959907548639344 
0 0.2849539753052889 0.1399819001172055 0.1902767534858873 0.08592394514218941 
0 0.6117059610813652 0.1856872165667195 0.25658194519947103 0.19246284788038762 
0 0.2975614938597825 0.3877496394962698 0.24190231723893962 0.14427386044954205 
