0 0.7702623010929545 0.2867183388037734 0.1373863525946022 0.14236318469808737 
0 0.38227376279714875 0.39404247635443523 0.07465091739395296 0.09161920936765727 
0 0.2304982566277557 0.49688630335425715 0.11390784806561957 0.06576110095684362 
0 0.5664126655519246 0.5009846240496704 0.15935984548643584 0.0971008080958844 
0 0.8740028517689031 0.4360582040727058 0.1330217380995059 0.24507712410622323 
0 0.3713610168311482 0.5700918458246333 0.09108022477044503 0.06525360644468703 
0 0.6717328332090683 0.510723477751187 0.09677362097387854 0.0818299352133926 
0 0.13735731119300423 0.6588280363608741 0.10390387584853046 0.08610089103360807 
0 0.4883863602698181 0.6086145743014966 0.08981959602803874 0.08013317155978239 
0 0.09014301448406517 0.7159096651659683 0.09926785921797064 0.08496971526453478 
0 0.37394982241776176 0.6820982517581562 0.10158586753325055 0.08553530314907132 
0 0.517517127277024 0.6825049053648167 0.11743244664186492 0.1172449442889506 
0 0.057254560517612275 0.8091568579315768 0.11450912103522455 0.13257391054382262 
0 0.366283820514428 0.7940756110054891 0.22688050800573695 0.1844490616433263 
0 0.5763478799389534 0.8719113564136403 0.14733628633025064 0.1878212151839883 
