0 0.716751723033388 0.2563120591013055 0.09101988653392745 0.08343927483809627 
0 0.579739114512568 0.23522245507491263 0.09083264441136496 0.10600090026855466 
0 0.3624120063489051 0.22436112855610096 0.1257502953414722 0.10176393609297898 
0 0.7013353313631414 0.31664409637451174 0.11339032497552348 0.11241236234966073 
0 0.6509882739132933 0.3721059999967877 0.1747812334533848 0.12997952511436062 
0 0.11797466424420057 0.2904166874132659 0.23594932848840114 0.20973773755525288 
0 0.4577590669207561 0.43758526852256374 0.25106226147898014 0.2295621771561473 
0 0.6030389341856818 0.7328826301976255 0.27289263244785 0.3213566428736636 
0 0.22785549700412605 0.6516835262900904 0.4557109940082521 0.531488037109375 
0 0.7656101704863332 0.18735216542294153 0.11272662618885887 0.11298869283575763 
