0 0.2866599546354506 0.23262612149475506 0.4070974261300544 0.26195618984635444 
0 0.8647402380734033 0.326986069865737 0.087787150666505 0.07168098530058481 
0 0.8985544466394283 0.41247701059986625 0.2028911067211434 0.1242065237280231 
0 0.7613924973428794 0.46117068219987895 0.16316123402157723 0.13534834872920432 
0 0.27341669365685023 0.4630708261192876 0.4067135634929936 0.25527663319057087 
0 0.6057560271068871 0.5783528131565155 0.2449851149071509 0.1864570379759658 
0 0.892294362231724 0.626935863462716 0.09198435057433008 0.10311906273747784 
0 0.5560739426219181 0.04641683718026079 0.22939848138672192 0.09283367436052158 
0 0.09667891421930086 0.7157163967816873 0.08356315294570438 0.20616457208533545 
0 0.5533408521021963 0.7742036910950045 0.18916424565547008 0.2134513082172116 
0 0.7741411121613806 0.8502272384769907 0.22658348871494216 0.11583407427345105 
0 0.32880463078491223 0.8053198632487917 0.10096794325205971 0.09305372048411709 
0 0.8196801672093494 0.07887185125560842 0.10020021797793788 0.07969460717254997 
