0 0.7644230769230769 0.32932692307692313 0.26923076923076916 0.04086538461538464 
0 0.15384615384615385 0.33533653846153844 0.125 0.05048076923076922 
0 0.5252403846153846 0.3701923076923077 0.26201923076923084 0.04807692307692307 
0 0.22115384615384615 0.37740384615384615 0.17788461538461542 0.04326923076923078 
0 0.7235576923076923 0.4014423076923077 0.2596153846153846 0.05769230769230771 
0 0.21995192307692307 0.42908653846153844 0.1875 0.03846153846153849 
0 0.5528846153846154 0.5048076923076923 0.3413461538461538 0.10817307692307698 
0 0.5504807692307693 0.8197115384615385 0.46875 0.21153846153846156 
0 0.5420673076923077 0.27884615384615385 0.1322115384615385 0.04567307692307693 
0 0.609375 0.296875 0.1826923076923077 0.03605769230769229 
