0 0.5498818556467692 0.7595742878160978 0.17439715067545575 0.09881819340220666 
0 0.7435700098673502 0.7152971747325875 0.14107529322306323 0.10037425526401456 
0 0.8188039461771647 0.6113790322465507 0.19065697987874342 0.09538144117210345 
0 0.765697161356608 0.48112739875302685 0.21170171101888013 0.1573749118381077 
0 0.4685085813204447 0.36348017196209115 0.4037076234817505 0.3678046778628701 
0 0.9013957182566324 0.28547349450183895 0.1972085634867351 0.14746080365097314 
0 0.875791072845459 0.14959458022089733 0.24841785430908203 0.15867266738623886 
0 0.7465729713439941 0.8635512067560565 0.14923572540283203 0.06786762482938713 
0 0.7631661295890808 0.04751836765579315 0.23787875970204675 0.0950367353115863 
0 0.14679655432701108 0.09789476896587168 0.29359310865402216 0.19578953793174336 
0 0.8674503564834595 0.8249122162311397 0.14432708422342932 0.07970793205395088 
0 0.6278663674990335 0.8396877545362327 0.13825412591298425 0.0781628011960035 
0 0.44343316555023193 0.8373687141820004 0.11865242322285968 0.07594850328233504 
0 0.761556585629781 0.7882489377295064 0.17501743634541833 0.07951782181946165 
